DELTA LHOOD

Def 1
V1	V2	V3	V4	V5	V6	V7	V8	V9	V10
pool-Adm	56.1230000000214	51.5559999999823	49.3360000000102	49.3289999999688	49.2289999999921	49.3609999999753	51.1639999999898	55.9070000000065	44.0480000000098	52.6790000000037
onepop-Adm	81.140000000014	89.0229999999865	76.3230000000331	78.3769999999786	88.4099999999744	81.0740000000224	84.8609999999753	87.1520000000019	73.4459999999963	76.1940000000177
fis-Adm	154.085000000021	145.599999999977	120.93200000003	126.907000000007	132.272999999986	121.061999999976	136.887999999977	139.478999999992	138.962999999989	122.315999999992
noStruct-Adm	226.64300000004	221.407999999996	186.246000000043	189.280999999959	212.446999999986	191.199000000022	214.319999999949	191.311999999976	213.907000000007	190.26999999996

Def 5
V1	V2	V3	V4	V5	V6	V7	V8	V9	V10
pool-Adm	70.9050000000279	64.3839999999618	60.4130000000005	50.9220000000205	66.0250000000233	51.7529999999679	68.8890000000247	60.8630000000121	60.375	75.1690000000526
onepop-Adm	69.554999999993	54.4029999999912	49.6790000000037	42.2860000000219	51.8180000000284	52.4139999999898	48.2170000000042	57.9720000000088	55.1940000000177	47.9040000000386
fis-Adm	114.640000000014	112.747999999963	120.835000000021	105.113000000012	100.601000000024	102.782999999996	125.97000000003	105.244000000006	102.331999999995	104.168000000005
noStruct-Adm	164.570000000007	149.465999999957	180.212	158.178000000014	160.330000000016	158.722999999998	158.223999999987	152.190000000002	158.031000000017	157.798999999999
