PARAMETERS

NancPOP
V1	V2	V3	V4	V5	V6	V7	V8	V9	V10
Obs	20000	20000	20000	20000	20000	20000	20000	20000	20000	20000
pool-Adm	20231	19991	19955	20350	20347	20045	19733	20266	20219	20148
onepop-Adm	19919	19694	19651	20013	19889	19638	19351	20056	19467	19645
fis-Adm	20103	20337	20196	20801	20368	20555	20346	20320	20372	20565
noStruct-Adm	20535	20673	21018	20860	20956	20647	20798	20689	20453	20873

NCONT1
V1	V2	V3	V4	V5	V6	V7	V8	V9	V10
Obs	2000	2000	2000	2000	2000	2000	2000	2000	2000	2000
pool-Adm	2246	1926	1956	2345	2131	2287	2309	3189	1824	1969
onepop-Adm	47416	49433	74449	68290	63845	63211	92322	92396	66415	44789
fis-Adm	1363	1324	1424	1322	1353	1340	1374	1458	1333	1318
noStruct-Adm	1344	1296	1328	1337	1301	1325	1317	1368	1376	1294

NCONT2
V1	V2	V3	V4	V5	V6	V7	V8	V9	V10
Obs	2000	2000	2000	2000	2000	2000	2000	2000	2000	2000
pool-Adm	2476	2063	1915	2498	2253	2386	2326	4372	1898	2059
onepop-Adm	5140	5638	5970	4475	5671	6002	8155	4902	5948	6906
fis-Adm	1012	1025	1046	1017	1015	1013	1021	1081	1018	1014
noStruct-Adm	1013	1018	1018	1014	1019	1012	1018	1020	1023	1017

TDIVpop
V1	V2	V3	V4	V5	V6	V7	V8	V9	V10
Obs	50	50	50	50	50	50	50	50	50	50
pool-Adm	51	53	51	50	52	49	51	53	52	51
onepop-Adm	71	72	72	72	72	72	74	73	72	72
fis-Adm	NA	NA	NA	NA	NA	NA	NA	NA	NA	NA
noStruct-Adm	NA	NA	NA	NA	NA	NA	NA	NA	NA	NA

TDIVCONT
V1	V2	V3	V4	V5	V6	V7	V8	V9	V10
Obs	1000	1000	1000	1000	1000	1000	1000	1000	1000	1000
pool-Adm	1233	951	962	1321	1088	1218	1145	2401	905	999
onepop-Adm	1424	1454	1662	1251	1499	1564	2158	1369	1634	2035
fis-Adm	964	970	1010	991	953	967	956	1045	979	973
noStruct-Adm	1036	1054	1060	1057	1045	1036	1046	1050	1049	1029

TADM
V1	V2	V3	V4	V5	V6	V7	V8	V9	V10
Obs	200	200	200	200	200	200	200	200	200	200
pool-Adm	389	197	583	908	940	687	407	1128	239	609
onepop-Adm	1016	918	565	192	948	1006	523	810	968	667
fis-Adm	729	741	702	738	726	798	787	803	740	702
noStruct-Adm	752	874	826	839	733	768	849	790	759	764

admPROP
V1	V2	V3	V4	V5	V6	V7	V8	V9	V10
Obs	0	0	0	0	0	0	0	0	0	0
pool-Adm	0.0389248	0.000997385	0.003103	0.1301714	0.0865416	0.0396324	0.00086553	0.2716135	0.000265764	0.0155159
onepop-Adm	0.001803	0.000941638	0.0517445	0.000493907	0.0070558	0.0262342	0.1107578	0.000763852	0.0371326	0.1486176
fis-Adm	0.0795118	0.1217581	0.0731224	0.1539331	0.0827139	0.1471469	0.0671263	0.0795157	0.1332401	0.1067699
noStruct-Adm	0.1093037	0.3096651	0.2142449	0.1987438	0.1507523	0.1541347	0.2282069	0.1263259	0.1176108	0.1590208

FIS
V1	V2	V3	V4	V5	V6	V7	V8	V9	V10
pool-Adm	NA	NA	NA	NA	NA	NA	NA	NA	NA	NA
onepop-Adm	NA	NA	NA	NA	NA	NA	NA	NA	NA	NA
fis-Adm	0.3703291	0.4160073	0.4028865	0.376255	0.4038881	0.4165867	0.4282996	0.4037028	0.3925087	0.3803614
noStruct-Adm	NA	NA	NA	NA	NA	NA	NA	NA	NA	NA
