DELTA LHOOD

1
V1	V2	V3	V4	V5	V6	V7	V8	V9	V10
pool-Adm	102.918000000005	89.719000000041	101.864999999991	115.419999999984	98.0509999999776	96.9550000000163	104.70199999999	88.2060000000056	88.2820000000065	108.357000000018
pool-noAdm	103.206000000006	92.1700000000419	99.9349999999977	114.228999999992	98.4479999999749	97.1830000000191	109.626999999979	91.774000000034	88.9710000000196	106.566999999981
fis-Adm	3140.734	2979.13800000004	3076.76900000003	3243.73300000001	3054.69099999999	3054.78600000002	3016.103	3037.98800000001	3028.83899999998	3063.527
fis-noAdm	3166.51899999997	2972.478	3081.86099999998	3169.625	3065.08199999999	3070.39299999998	3016.10800000001	2995.158	3019.11800000002	3028.37099999998
noStruct-Adm	3319.29599999997	3090.44700000004	3202.58799999999	3336.93300000002	3202.39000000001	3263.80800000002	3134.04499999998	3149.12800000003	3194.42499999999	3199.39900000003
noStruct-noAdm	3311.92599999998	3144.42100000003	3200.641	3342.61900000001	3195.57500000001	3191.87099999998	3136.77299999999	3141.978	3155.31400000001	3189.34899999999

2
V1	V2	V3	V4	V5	V6	V7	V8	V9	V10
pool-Adm	88.4859999999753	89.0650000000023	99.3789999999572	97.2330000000075	115.353000000003	88.4810000000289	94.8809999999939	96.7019999999902	97.2949999999837	83.5909999999567
pool-noAdm	91.3819999999832	87.9439999999595	102.804999999993	97.4710000000196	119.338999999978	87.8080000000191	118.309000000008	94.4440000000177	104.792000000016	85.0239999999758
fis-Adm	101.281000000017	88.7289999999921	102.800999999978	101.885000000009	110.385000000009	94.8230000000331	100.90399999998	117.764000000025	113.686999999976	87.0629999999655
fis-noAdm	99.2459999999846	91.0559999999823	102.970999999961	102.36599999998	109.491999999969	90.6330000000307	108.081999999995	100.728000000003	100.32799999998	85.6749999999884
noStruct-Adm	109.543000000005	100.45199999999	116.009999999951	111.915999999968	125.811999999976	101.214000000036	122.447999999975	128.156000000017	135.205000000016	99.7649999999558
noStruct-noAdm	108.467999999993	100.614000000001	116.977999999945	110.919999999984	125.402000000002	103.868000000017	114.732000000018	122.418000000005	114.554999999993	97.8949999999604

3
V1	V2	V3	V4	V5	V6	V7	V8	V9	V10
pool-Adm	131.812000000034	124.332000000053	82.3240000000224	95.0349999999744	100.945999999996	130.920999999973	109.918999999994	99.7160000000149	93.3740000000107	97.8369999999995
pool-noAdm	109.132000000041	112.25900000002	81.6110000000335	90.6079999999492	104.081999999995	106.793999999994	106.636999999988	98.4290000000037	147.267999999982	101.177999999956
fis-Adm	112.946000000054	108.046000000031	81.6860000000452	94.5099999999511	104.155000000028	102.668999999994	105.880999999994	100.505000000005	89.3969999999972	98.0799999999581
fis-noAdm	105.993000000017	107.160000000033	86.7870000000112	92.9579999999842	96.7640000000247	106.773999999976	107.693999999959	101.092999999993	89.0430000000051	98.5799999999581
noStruct-Adm	107.262000000046	109.042000000016	81.6930000000284	91.9539999999688	95.0360000000219	102.245999999985	107.376999999979	98.3379999999888	89.8690000000061	100.95299999998
noStruct-noAdm	106.04700000002	110.260000000009	81.8220000000438	91.3869999999879	98.8919999999925	105.220999999961	108.919999999984	99.9409999999916	89.1529999999912	100.86599999998

4
V1	V2	V3	V4	V5	V6	V7	V8	V9	V10
pool-Adm	83.5570000000298	97.8790000000154	90.1689999999944	96.7820000000065	94.7379999999539	104.17300000001	106.271999999997	101.099999999977	101.954000000027	96.3280000000377
pool-noAdm	270.85500000004	271.603000000003	252.229999999981	266.113000000012	266.791999999958	278.196999999986	260.832999999984	280.227000000014	272.811999999976	241.486000000034
fis-Adm	237.298999999999	250.407999999996	238.190999999992	225.353999999992	256.557999999961	246.406000000017	269.566999999981	253.985999999975	264.052000000025	249.847000000009
fis-noAdm	520.454000000027	508.722000000009	502.698000000033	488.120999999985	495.380000000005	522.364000000001	525.599999999977	529.070000000007	517.921000000031	499.840000000026
noStruct-Adm	292.826000000001	314.087999999989	313.868000000017	291.388999999966	290.718999999983	323.635999999999	330.49099999998	323.945000000007	302.516000000003	317.465000000026
noStruct-noAdm	629.280000000028	622.565000000002	621.612000000023	606.543000000005	607.201000000001	641.49099999998	627.870999999985	646.381999999983	628.973999999987	612.320999999996

5
V1	V2	V3	V4	V5	V6	V7	V8	V9	V10
pool-Adm	93.2380000000121	102.062000000034	97.4930000000168	99.4790000000503	94.9820000000182	101.646999999997	97.4660000000149	101.608000000007	96.2289999999921	105.119000000006
pool-noAdm	162.61599999998	155.774000000034	149.148999999976	162.577000000048	154.729999999981	177.080000000016	158.414000000048	154.54700000002	151.802000000025	158.771999999997
fis-Adm	248.069000000018	245.916000000027	265.020000000019	250.789000000048	297.239000000001	240.579000000027	231.890000000014	254.350999999966	236.934000000008	254.327000000048
fis-noAdm	353.429999999993	333.171000000031	351.070999999996	353.743000000017	333.647999999986	352.853999999992	320.692000000039	340.36599999998	327.331000000006	323.734000000055
noStruct-Adm	327.433000000019	318.76800000004	348.294999999984	322.190000000002	306.426999999967	307.980999999971	310.649000000034	329.000999999989	315.237000000023	309.330000000016
noStruct-noAdm	451.183000000019	424.021999999997	455.364999999991	444.627000000037	419.453999999969	439.103000000003	414.569000000018	440.434999999998	425.136999999988	409.149000000034

6
V1	V2	V3	V4	V5	V6	V7	V8	V9	V10
pool-Adm	99.8530000000028	98.7930000000051	95.280999999959	94.1240000000107	101.755000000005	99.3220000000438	99.9189999999944	95.905999999959	96.5509999999776	94.5010000000475
pool-noAdm	100.657000000007	98.7820000000065	96.3199999999488	93.515000000014	101.78899999999	98.5890000000363	92.8559999999707	95.3699999999953	98.1039999999921	96.4590000000317
fis-Adm	280.505999999994	310.707999999984	223.372999999963	235.608000000007	259.125	249.758000000031	233.494000000006	241.527000000002	254.370999999985	247.508000000031
fis-noAdm	247.683000000019	307.004000000015	222.52899999998	237.684999999998	227.111999999965	251.644000000029	233.168999999994	241.373999999953	255.457999999984	246.064000000013
noStruct-Adm	324.456999999995	317.010999999999	295.712999999989	298.084000000032	300.424999999988	348.101000000024	311.021999999997	325.665999999968	330.229999999981	314.611000000034
noStruct-noAdm	324.800999999978	319.201000000001	299.223999999987	306.51800000004	298.824999999953	349.543999999994	307.504000000015	322.64499999996	332.013999999966	321.741000000038
