DELTA LHOOD

1
V1	V2	V3	V4	V5	V6	V7	V8	V9	V10
pool-Adm	18.4469999999856	18.8729999999923	14.2080000000133	17.3150000000023	13.0689999999886	15.5709999999963	17.9130000000005	19.5559999999823	16.3209999999963	17.2609999999986
pool-noAdm	20.6989999999932	19.3679999999877	13.9079999999958	18.9960000000137	14.4959999999846	15.2259999999951	19.6009999999951	14.9109999999928	18.6719999999914	17.210000000021
fis-Adm	1754.98499999999	1835.63	1804.30500000002	1876.45800000001	1835.117	1790.67499999999	1784.11300000001	1778.70699999999	1852.85000000001	1753.62300000002
fis-noAdm	1755.231	1840.995	1782.23200000002	1852.08499999999	1815.03	1782.12599999999	1764.253	1774.92799999999	1856.70199999999	1735.71900000001
noStruct-Adm	2278.50699999998	2335.68700000001	2266.20500000002	2354.55000000002	2307.50999999998	2230.40099999998	2253.649	2305.318	2316.541	2212.47500000001
noStruct-noAdm	2305.04499999998	2334.13	2272.158	2350.217	2296.79599999997	2235.23199999999	2303.076	2271.02299999999	2324.91800000001	2206.89000000001

2
V1	V2	V3	V4	V5	V6	V7	V8	V9	V10
pool-Adm	20.2119999999995	21.7609999999986	18.5810000000056	12.1909999999916	14.6350000000093	15.3460000000196	16.6140000000014	18.0670000000391	13.2049999999581	13.7390000000014
pool-noAdm	25.0189999999711	21.5629999999655	20.0050000000047	11.5190000000293	14.4529999999795	18.9310000000405	16.140000000014	17.649000000034	12.3759999999893	13.2840000000433
fis-Adm	16.9949999999953	20.9400000000023	18.7939999999944	12.3300000000163	20.6149999999907	14.1270000000368	19.9290000000037	18.2600000000093	15.4099999999744	13.5229999999865
fis-noAdm	18.7859999999637	21.0750000000116	20.9560000000056	17.0040000000154	16.8759999999893	14.3319999999949	20.3530000000028	19.2600000000093	13.4039999999804	13.4789999999921
noStruct-Adm	20.9199999999837	33.5819999999949	20.3769999999786	20.8020000000251	14.2829999999958	28.6670000000158	23.7050000000163	24.2700000000186	16.9729999999981	22.8180000000284
noStruct-noAdm	31.86599999998	27.2229999999981	21.935999999987	23.1630000000005	14.9199999999837	26.564000000013	20.0560000000405	34.454000000027	24.8819999999832	16.125

3
V1	V2	V3	V4	V5	V6	V7	V8	V9	V10
pool-Adm	17.3870000000461	19.3720000000321	19.7539999999572	17.0509999999776	19.9810000000289	15.689000000013	16.8050000000512	25.4530000000377	13.8410000000149	17.6000000000349
pool-noAdm	16.5550000000512	27	16.8229999999749	15.0009999999893	39.7359999999753	16.5210000000079	15.4750000000349	19.2480000000214	15.625	16.8660000000382
fis-Adm	16.8660000000382	26.4729999999981	18.6689999999944	20.3649999999907	20.0449999999837	15.0559999999823	18.2970000000205	17.7870000000112	20.8329999999842	21.0950000000303
fis-noAdm	16.4970000000321	20.5510000000359	17.0979999999981	15.9009999999544	19.9500000000116	19.9180000000051	14.7820000000065	17.9040000000386	13.6730000000098	17.524000000034
noStruct-Adm	20.9820000000182	20.4089999999851	19.6149999999907	16.2889999999898	28.0239999999758	14.6359999999986	14.890000000014	18.4070000000065	14.4249999999884	19.015000000014
noStruct-noAdm	18.8550000000396	19.929999999993	17.2889999999898	16.3839999999618	20.8449999999721	16.8859999999986	15.7030000000377	18.5680000000284	13.9139999999898	26.0770000000484

4
V1	V2	V3	V4	V5	V6	V7	V8	V9	V10
pool-Adm	14.0869999999995	16.7359999999753	15.4200000000419	14.86599999998	18.0960000000196	18.7600000000093	18.2799999999697	22.3940000000293	10.8360000000102	19.7949999999837
pool-noAdm	108.179000000004	131.458999999973	121.535000000033	107.114000000001	122.398000000045	137.368000000017	128.310999999987	113.299999999988	131.888000000035	122.203000000038
fis-Adm	184.236999999965	193.209999999963	169.043999999994	141.418999999994	179.358999999997	168.578000000038	192.943999999959	188.151000000013	161.701000000001	181.451000000001
fis-noAdm	316.402000000002	318.17300000001	301.26800000004	259.849999999977	313.485000000044	307.411000000022	308.61599999998	299.880999999994	328.140000000014	303.087
noStruct-Adm	243.989000000001	241.516999999993	224.334000000032	214.492999999959	236.912000000011	212.270000000019	236.679999999993	238.119999999995	207.655000000028	239.401000000013
noStruct-noAdm	392.517999999982	416.896999999997	395.904000000039	365.334999999963	417.808000000019	395.676000000036	403.048999999999	434.434999999998	391.717999999993	398.803000000014

5
V1	V2	V3	V4	V5	V6	V7	V8	V9	V10
pool-Adm	15.984999999986	13.8099999999977	16.0939999999828	15.4469999999856	19.0559999999823	20.5169999999925	19.0210000000079	12.9739999999874	17.3570000000182	14.7920000000158
pool-noAdm	45.5100000000093	36.9969999999739	47.8390000000363	45.2280000000028	52.5349999999744	59.9100000000326	63.7930000000051	43.189000000013	78.9940000000061	45.0070000000414
fis-Adm	169.107000000018	158.214999999967	168.563000000024	164.747999999963	183.337999999989	163.453000000038	148.538	149.483999999997	139.587999999989	165.108000000007
fis-noAdm	179.614999999991	175.940999999992	206.633000000031	203.222000000009	205.934999999998	231.947000000044	183.875	174.179999999993	175.440999999992	196.065000000002
noStruct-Adm	203.873000000021	211.152999999991	220.728999999992	254.107000000018	220.433000000019	212.038	234.559999999998	229.67300000001	189.736000000034	231.333000000042
noStruct-noAdm	248.217000000004	246.29800000001	265.42300000001	266.437999999966	302.918999999994	261.204000000027	261.446999999986	247.554999999993	239.684000000008	280.940999999992

6
V1	V2	V3	V4	V5	V6	V7	V8	V9	V10
pool-Adm	19.1050000000396	15.3379999999888	16.3460000000196	11.9959999999846	17.1329999999725	16.484999999986	18.4290000000037	15.1770000000251	15.5900000000256	16.0339999999851
pool-noAdm	26.5590000000084	20.3499999999767	18.9689999999828	12.8949999999604	17.9259999999776	15.8099999999977	20.1809999999823	15.8780000000261	15.5780000000377	16.3539999999921
fis-Adm	145.646999999997	143.554999999993	148.725000000035	146.401000000013	182.010000000009	183.411999999953	129.392999999982	170.326000000001	176.613000000012	146.734999999986
fis-noAdm	142.231000000029	141.689000000013	170.222999999998	146.250999999989	182.538	183.884999999951	130.772999999986	150.21100000001	176.589000000036	145.815999999992
noStruct-Adm	240.485000000044	190.168000000005	194.109999999986	204.98199999996	315.52999999997	245.245999999985	187.774000000034	209.996000000043	230.361000000034	203.252999999968
noStruct-noAdm	190.140000000014	193.550999999978	194.238000000012	205.02899999998	241.555999999982	246.501999999979	188.319000000018	210.764000000025	228.984000000055	201.839999999967
