DELTA LHOOD

1
V1	V2	V3	V4	V5	V6	V7	V8	V9	V10
pool-Adm	3.55600000001141	2.64299999998184	2.3410000000149	5.28100000001723	5.6359999999986	4.87000000002445	7.5460000000021	3.70999999999185	2.91599999999744	4.93799999999464
pool-noAdm	3.46799999999348	3.83399999997346	4.05800000001909	5.13800000000629	4.35399999999208	7.07800000000861	5.68899999998393	3.35799999997835	4.4320000000007	6.80999999999767
fis-Adm	3.98999999999069	2.72099999999045	2.52700000000186	6.14500000001863	5.79699999999139	4.35100000002421	4.14100000000326	3.23099999999977	2.60000000000582	5.07200000001467
fis-noAdm	4.10800000000745	4.27599999998347	5.70300000000861	4.49000000001979	4.85800000000745	4.52800000002026	3.70699999999488	3.17799999998533	5.1589999999851	8.80999999999767
noStruct-Adm	1700.66500000001	1659.00399999999	1670.726	1726.95300000001	1647.93600000002	1680.80900000001	1663.73999999999	1651.75699999998	1679.83299999998	1711.609
noStruct-noAdm	1693.389	1631.04699999999	1732.65700000001	1739.133	1639.66800000001	1686.35100000002	1654.598	1664.48299999998	1718.927	1722.19899999999

2
V1	V2	V3	V4	V5	V6	V7	V8	V9	V10
pool-Adm	3.3190000000177	2.7729999999865	3.15299999999115	2.1480000000156	2.33400000000256	2.89100000000326	3.82000000000698	6.50999999998021	4.00800000000163	5.20000000001164
pool-noAdm	5.72800000000279	2.75	3.25599999999395	3.91700000001583	2.47000000000116	4.94800000000396	4.25099999998929	6.11900000000605	12.9869999999937	7.29500000001281
fis-Adm	4.06500000000233	3.2729999999865	3.3640000000014	2.38900000002468	2.11900000000605	2.99100000000908	4.03299999999581	5.85300000000279	3.88099999999395	5.18799999999464
fis-noAdm	3.45600000000559	2.84899999998743	3.46700000000419	4.71300000001793	4.82400000002235	4.69800000000396	3.72500000000582	6.56299999999464	10.8040000000037	8.10599999999977
noStruct-Adm	8.52700000000186	3.37799999999697	4.83999999999651	4.88000000000466	4.38000000000466	6.75299999999697	5.98199999998906	6.76999999998952	4.56400000001304	6.16599999999744
noStruct-noAdm	7.4429999999993	3.00800000000163	4.81200000000536	8.50200000000768	4.03500000000349	10.6730000000098	5.99600000001374	6.70299999997951	4.00500000000466	11.301999999996

3
V1	V2	V3	V4	V5	V6	V7	V8	V9	V10
pool-Adm	4.34400000001187	2.5789999999979	4.95699999999488	4.40700000000652	5.65200000000186	6.97199999997974	4.10399999999208	4.09599999999045	2.66500000000815	1.64199999999255
pool-noAdm	5.87000000002445	2.80799999998999	6.10500000001048	6.86900000000605	7.78099999998813	6.82399999999325	5.06299999999464	5.57199999998556	4.11000000001513	2.5339999999851
fis-Adm	4.27400000000489	2.62999999997555	5.48699999999371	3.98099999999977	3.65299999999115	6.67699999999604	4.33699999999953	2.71199999999953	5.36600000000908	3.33099999997648
fis-noAdm	15.5400000000081	3.55099999997765	5.61199999999371	7.68600000001607	4.21199999999953	8.30099999997765	3.987999999983	10.3369999999995	2.69599999999627	2.41699999998673
noStruct-Adm	4.07600000000093	4.0559999999823	5.49799999999232	6.19599999999627	4.42199999999139	6.64599999997881	3.89100000000326	2.74099999997998	2.61800000001676	2.50399999998626
noStruct-noAdm	6.80000000001746	3.80499999999302	5.8409999999858	8.59400000001187	3.73399999999674	9.0679999999993	4.14299999998184	9.52799999999115	4.02600000001257	4.73499999998603

4
V1	V2	V3	V4	V5	V6	V7	V8	V9	V10
pool-Adm	3.32399999999325	2.97800000000279	4.41899999999441	2.84300000002258	4.1929999999993	4.31400000001304	1.98199999998906	3.21900000001187	3.7730000000156	4.38000000000466
pool-noAdm	54.0929999999935	72.0059999999939	80.4660000000149	80.8400000000256	64.6209999999846	54.8520000000135	89.8329999999842	60.0460000000021	65.1339999999909	88.9020000000019
fis-Adm	2.93799999999464	3.16099999999278	4.58999999999651	3.32000000000698	5.33999999999651	4.41800000000512	1.95100000000093	3.07200000001467	3.24299999998766	4.63300000000163
fis-noAdm	58.185999999987	52.9940000000061	72.7369999999937	73.5540000000037	59.9979999999923	50.0720000000147	84.1739999999991	62.3479999999981	59.6579999999958	71.875
noStruct-Adm	262.182000000001	258.486999999994	260.018000000011	238.050000000017	251.698999999993	270.156000000017	263.963999999978	260.331000000006	231.242999999988	248.133000000002
noStruct-noAdm	327.630999999994	334.158999999985	355.410000000003	335.976000000024	331.347999999998	375.447000000015	330.432000000001	378.248000000021	306.002000000008	326.55799999999

5
V1	V2	V3	V4	V5	V6	V7	V8	V9	V10
pool-Adm	1.64400000000023	4.21099999998114	3.97399999998743	3.00599999999395	5.54500000001281	5.42799999998533	3.14300000001094	1.77499999999418	2.4659999999858	1.83699999999953
pool-noAdm	25.3960000000079	15.3759999999893	14.8250000000116	16.7729999999865	16.5229999999865	17.3409999999858	11.8460000000196	19.9700000000012	31.4700000000012	26.4259999999776
fis-Adm	1.41899999999441	4.26299999997718	4.26300000000629	3.54999999998836	4.76600000000326	2.42699999999604	3.44900000002235	2.31700000001001	2.7949999999837	1.5789999999979
fis-noAdm	24.2209999999905	17.3129999999946	14.564000000013	15.3310000000056	43.6490000000049	16.5869999999995	10.5299999999988	18.9960000000137	15.1499999999942	27.6369999999879
noStruct-Adm	199.942999999999	242.635999999999	278.532999999996	237.264999999985	238.725999999995	231.734999999986	235.838000000018	247.146999999997	242.630999999994	215.941999999981
noStruct-noAdm	227.179000000004	251.233999999997	295.966000000015	289.399000000005	251.152000000002	305.524999999994	265.695000000007	254.578000000009	309.989000000001	231.073000000004

6
V1	V2	V3	V4	V5	V6	V7	V8	V9	V10
pool-Adm	3.59700000000885	3.64600000000792	2.94699999998556	4.08199999999488	2.44700000001467	2.73399999999674	6.22400000001653	4.83799999998882	2.39900000000489	6.19000000000233
pool-noAdm	3.62899999998626	3.44099999999162	2.73499999998603	7.50299999999697	2.37900000001537	3.10000000000582	5.19900000002235	5.72500000000582	2.44899999999325	8.43900000001304
fis-Adm	4.00200000000768	2.80199999999604	2.97299999999814	7.40300000002026	4.21199999999953	2.3640000000014	5.40000000002328	4.15499999999884	3.48099999999977	5.80900000000838
fis-noAdm	3.97599999999511	4.87700000000768	3.20600000000559	4.04700000002049	3.64600000000792	3.03600000002189	6.18100000001141	8.07699999999022	4.1020000000135	5.20200000001932
noStruct-Adm	246.502999999997	242.421999999991	251.633999999991	244.678000000014	234.392000000022	206.616000000009	218.924000000028	275.578000000009	238.268000000011	204.866999999998
noStruct-noAdm	284.122999999992	242.69200000001	251.777999999991	230.729000000021	227.187000000005	208.277000000002	251.514000000025	236.39499999999	242.550000000017	197.368000000017
