PARAMETERS

NancPOP
V1	V2	V3	V4	V5	V6	V7	V8	V9	V10
Obs	20000	20000	20000	20000	20000	20000	20000	20000	20000	20000
pool-Adm	19997	19959	19946	20208	19749	19621	20018	19903	19948	20048
pool-noAdm	18396	18356	18355	18345	18354	18248	18429	18596	18423	18050
fis-Adm	19811	19974	19748	20119	19835	19625	20019	19984	20011	19855
fis-noAdm	18278	18666	18466	18478	18380	18326	18492	18456	18711	18422
noStruct-Adm	20504	20288	20366	20185	20397	19744	20694	20110	20374	20216
noStruct-noAdm	18274	18307	18066	18564	18274	18101	18296	18189	18588	18407

NCONT1
V1	V2	V3	V4	V5	V6	V7	V8	V9	V10
Obs	2000	2000	2000	2000	2000	2000	2000	2000	2000	2000
pool-Adm	2522	1746	2092	1705	1446	2416	1504	2129	1822	2132
pool-noAdm	2013	2428	3046	1883	1842	1864	2828	1979	1780	2910
fis-Adm	2762	2315	2254	1996	2397	2454	1583	2748	2180	2550
fis-noAdm	2550	1870	3018	1871	1980	1992	2878	2490	1749	2355
noStruct-Adm	1105	1092	1124	1112	1063	1160	1710	1195	1047	1047
noStruct-noAdm	1553	1506	1889	1461	1479	1991	1462	2227	1421	1455

NCONT2
V1	V2	V3	V4	V5	V6	V7	V8	V9	V10
Obs	2000	2000	2000	2000	2000	2000	2000	2000	2000	2000
pool-Adm	2697	1742	2101	1877	1313	2486	1445	2010	1846	2363
pool-noAdm	1010	1355	1583	1022	1013	1014	1499	1012	1010	1613
fis-Adm	2903	2400	2203	2311	2471	2336	1481	2939	2363	2901
fis-noAdm	1334	1011	1569	1019	1077	1062	1615	1230	1024	1374
noStruct-Adm	1053	1072	1059	1126	1042	1097	1762	1049	1048	1040
noStruct-noAdm	1030	1013	1307	1021	1016	1346	1018	1428	1010	1020

TDIVpop
V1	V2	V3	V4	V5	V6	V7	V8	V9	V10
Obs	50	50	50	50	50	50	50	50	50	50
pool-Adm	50	51	51	49	51	52	50	51	49	50
pool-noAdm	50	50	51	49	51	50	51	50	48	50
fis-Adm	NA	NA	NA	NA	NA	NA	NA	NA	NA	NA
fis-noAdm	NA	NA	NA	NA	NA	NA	NA	NA	NA	NA
noStruct-Adm	NA	NA	NA	NA	NA	NA	NA	NA	NA	NA
noStruct-noAdm	NA	NA	NA	NA	NA	NA	NA	NA	NA	NA

TDIVCONT
V1	V2	V3	V4	V5	V6	V7	V8	V9	V10
Obs	1000	1000	1000	1000	1000	1000	1000	1000	1000	1000
pool-Adm	1408	834	1020	921	625	1265	691	976	915	1208
pool-noAdm	418	531	611	414	411	414	589	413	419	638
fis-Adm	1445	1120	1005	1099	1206	1097	652	1459	1149	1472
fis-noAdm	477	360	566	359	390	386	562	444	367	502
noStruct-Adm	670	647	655	700	644	702	1175	637	662	638
noStruct-noAdm	537	533	679	514	533	725	517	738	522	528

TADM
V1	V2	V3	V4	V5	V6	V7	V8	V9	V10
Obs	200	200	200	200	200	200	200	200	200	200
pool-Adm	279	129	114	129	66	175	114	149	132	165
pool-noAdm	NA	NA	NA	NA	NA	NA	NA	NA	NA	NA
fis-Adm	224	104	35	78	175	132	47	188	166	217
fis-noAdm	NA	NA	NA	NA	NA	NA	NA	NA	NA	NA
noStruct-Adm	275	279	339	297	282	294	592	296	288	267
noStruct-noAdm	NA	NA	NA	NA	NA	NA	NA	NA	NA	NA

admPROP
V1	V2	V3	V4	V5	V6	V7	V8	V9	V10
Obs	0.3	0.3	0.3	0.3	0.3	0.3	0.3	0.3	0.3	0.3
pool-Adm	0.3509362	0.2546148	0.2594132	0.2886554	0.1995761	0.2919861	0.2409248	0.2690399	0.2497198	0.2988607
pool-noAdm	NA	NA	NA	NA	NA	NA	NA	NA	NA	NA
fis-Adm	0.3382135	0.2766754	0.2361874	0.3004665	0.3044323	0.2629714	0.2271712	0.336504	0.3020466	0.3436498
fis-noAdm	NA	NA	NA	NA	NA	NA	NA	NA	NA	NA
noStruct-Adm	0.3114471	0.2956437	0.3781617	0.3397657	0.3149215	0.2927844	0.4967534	0.2770244	0.3133121	0.288412
noStruct-noAdm	NA	NA	NA	NA	NA	NA	NA	NA	NA	NA

FIS
V1	V2	V3	V4	V5	V6	V7	V8	V9	V10
pool-Adm	NA	NA	NA	NA	NA	NA	NA	NA	NA	NA
pool-noAdm	NA	NA	NA	NA	NA	NA	NA	NA	NA	NA
fis-Adm	0.3966983	0.3999116	0.3943373	0.3895265	0.3941476	0.4033679	0.3932419	0.3955488	0.3813983	0.3883173
fis-noAdm	0.3964413	0.394854	0.3939319	0.3889112	0.3968092	0.3947427	0.3989594	0.3935198	0.382139	0.3817609
noStruct-Adm	NA	NA	NA	NA	NA	NA	NA	NA	NA	NA
noStruct-noAdm	NA	NA	NA	NA	NA	NA	NA	NA	NA	NA
