PARAMETERS

NancPOP
V1	V2	V3	V4	V5	V6	V7	V8	V9	V10
Obs	20000	20000	20000	20000	20000	20000	20000	20000	20000	20000
pool-Adm	19864	20294	20076	19937	20136	19729	19866	20191	19712	20129
pool-noAdm	20083	20235	19805	19906	19848	19790	20288	19614	19963	20345
fis-Adm	20081	20498	21233	20618	19603	20821	19762	19896	20356	20183
fis-noAdm	19966	19933	19936	19951	19460	19841	19765	20523	19093	20626
noStruct-Adm	19783	19832	20233	20221	19662	21689	20249	19945	20593	20156
noStruct-noAdm	19948	19676	19771	19992	19716	19321	19776	20033	19713	20990

NCONT1
V1	V2	V3	V4	V5	V6	V7	V8	V9	V10
Obs	2000	2000	2000	2000	2000	2000	2000	2000	2000	2000
pool-Adm	2736	2135	3035	2377	1977	2354	2339	2024	2187	2036
pool-noAdm	1890	1589	2384	2448	2017	2039	1586	2365	2120	1731
fis-Adm	1051	1024	1058	1028	1050	1072	1068	1216	1018	1033
fis-noAdm	1019	1072	1100	1049	1036	1017	1030	1072	1175	1038
noStruct-Adm	1024	1010	1033	1033	1021	1012	1028	1030	1085	1019
noStruct-noAdm	1027	1101	1034	1027	1012	1020	1028	1019	1014	1016

NCONT2
V1	V2	V3	V4	V5	V6	V7	V8	V9	V10
Obs	2000	2000	2000	2000	2000	2000	2000	2000	2000	2000
pool-Adm	3309	2321	3385	2442	2088	2518	2466	1975	2224	2113
pool-noAdm	1922	1558	2405	2380	2058	2069	1550	2302	2128	1745
fis-Adm	1056	1026	1173	1033	1020	1176	1066	1260	1039	1013
fis-noAdm	1043	1041	1135	1058	1045	1054	1029	1049	1177	1015
noStruct-Adm	1047	1016	1018	1013	1059	1129	1017	1018	1114	1012
noStruct-noAdm	1038	1070	1023	1017	1035	1016	1024	1018	1011	1013

TDIVpop
V1	V2	V3	V4	V5	V6	V7	V8	V9	V10
Obs	100	100	100	100	100	100	100	100	100	100
pool-Adm	102	100	100	103	101	100	100	101	101	98
pool-noAdm	102	100	101	102	100	101	98	99	99	100
fis-Adm	NA	NA	NA	NA	NA	NA	NA	NA	NA	NA
fis-noAdm	NA	NA	NA	NA	NA	NA	NA	NA	NA	NA
noStruct-Adm	NA	NA	NA	NA	NA	NA	NA	NA	NA	NA
noStruct-noAdm	NA	NA	NA	NA	NA	NA	NA	NA	NA	NA

TDIVCONT
V1	V2	V3	V4	V5	V6	V7	V8	V9	V10
Obs	1000	1000	1000	1000	1000	1000	1000	1000	1000	1000
pool-Adm	1667	1220	1829	1227	1070	1242	1238	994	1082	1043
pool-noAdm	931	808	1169	1180	1033	1000	802	1156	1062	885
fis-Adm	919	886	1065	894	904	1068	893	1099	892	874
fis-noAdm	865	907	958	889	915	891	871	912	987	875
noStruct-Adm	926	905	910	919	943	1112	938	912	1013	911
noStruct-noAdm	908	959	903	917	911	882	920	881	876	914

TADM
V1	V2	V3	V4	V5	V6	V7	V8	V9	V10
Obs	200	200	200	200	200	200	200	200	200	200
pool-Adm	677	993	1267	701	899	721	535	548	479	833
pool-noAdm	NA	NA	NA	NA	NA	NA	NA	NA	NA	NA
fis-Adm	599	430	852	351	228	730	404	879	495	446
fis-noAdm	NA	NA	NA	NA	NA	NA	NA	NA	NA	NA
noStruct-Adm	823	492	539	678	798	902	716	685	852	614
noStruct-noAdm	NA	NA	NA	NA	NA	NA	NA	NA	NA	NA

admPROP
V1	V2	V3	V4	V5	V6	V7	V8	V9	V10
Obs	0	0	0	0	0	0	0	0	0	0
pool-Adm	0.1188884	0.2753018	0.2893351	0.0585316	0.1429575	0.0645179	0.0474813	0.0014618	0.000602977	0.0073218
pool-noAdm	NA	NA	NA	NA	NA	NA	NA	NA	NA	NA
fis-Adm	0.029315	0.000340349	0.3166527	0.00070195	0.0012677	0.23314	0.0010736	0.161138	0.0012256	0.003079
fis-noAdm	NA	NA	NA	NA	NA	NA	NA	NA	NA	NA
noStruct-Adm	0.0363204	0.000660535	0.0028372	0.0309641	0.0648889	0.4663158	0.0597968	0.0022861	0.0721695	0.0052859
noStruct-noAdm	NA	NA	NA	NA	NA	NA	NA	NA	NA	NA

FIS
V1	V2	V3	V4	V5	V6	V7	V8	V9	V10
pool-Adm	NA	NA	NA	NA	NA	NA	NA	NA	NA	NA
pool-noAdm	NA	NA	NA	NA	NA	NA	NA	NA	NA	NA
fis-Adm	0.5069525	0.3880611	0.5131013	0.3278927	0.4374441	0.6246334	0.4552029	0.614079	0.4332638	0.4342372
fis-noAdm	0.4597359	0.4728185	0.5106428	0.4987947	0.4369263	0.3790271	0.3612458	0.5272606	0.5397717	0.4706242
noStruct-Adm	NA	NA	NA	NA	NA	NA	NA	NA	NA	NA
noStruct-noAdm	NA	NA	NA	NA	NA	NA	NA	NA	NA	NA
