PARAMETERS

NancPOP
V1	V2	V3	V4	V5	V6	V7	V8	V9	V10
Obs	20000	20000	20000	20000	20000	20000	20000	20000	20000	20000
pool-Adm	19693	20200	20093	20015	19714	19984	19740	19722	20141	19781
pool-noAdm	18087	18399	18478	18381	18229	18239	18376	18486	18316	18468
fis-Adm	20054	20513	20280	20134	19991	19965	20284	19611	20522	19980
fis-noAdm	18000	18173	18307	18228	18176	18007	18200	18238	18038	18143
noStruct-Adm	19808	20514	20297	20167	20334	20088	20095	20173	20745	20355
noStruct-noAdm	17757	18178	18223	18175	17917	17819	18131	18171	18345	17889

NCONT1
V1	V2	V3	V4	V5	V6	V7	V8	V9	V10
Obs	2000	2000	2000	2000	2000	2000	2000	2000	2000	2000
pool-Adm	2302	2291	2192	2208	1777	1603	1991	2380	2245	1878
pool-noAdm	2021	1840	1843	1939	1991	1962	1982	1922	1978	2027
fis-Adm	1092	1780	1089	1105	1102	1078	1664	1176	1508	1106
fis-noAdm	1697	1521	1455	1517	1547	1513	1494	1516	1761	1516
noStruct-Adm	1084	1023	1034	1121	1035	1044	1052	1086	1039	1075
noStruct-noAdm	1442	1362	1447	1402	1548	1457	1423	1613	1435	1394

NCONT2
V1	V2	V3	V4	V5	V6	V7	V8	V9	V10
Obs	2000	2000	2000	2000	2000	2000	2000	2000	2000	2000
pool-Adm	2242	2494	2298	2094	1606	1532	1885	2419	2342	1763
pool-noAdm	1024	1010	1033	1020	1013	1017	1051	1019	1013	1043
fis-Adm	1027	1870	1066	1031	1010	1017	1811	1012	1540	1043
fis-noAdm	1119	1011	1017	1020	1018	1035	1017	1037	1152	1013
noStruct-Adm	1029	1042	1018	1017	1014	1018	1013	1023	1014	1024
noStruct-noAdm	1014	1011	1037	1010	1046	1028	1017	1151	1011	1011

TDIVpop
V1	V2	V3	V4	V5	V6	V7	V8	V9	V10
Obs	50	50	50	50	50	50	50	50	50	50
pool-Adm	52	53	52	50	51	50	51	52	51	52
pool-noAdm	52	51	50	49	49	51	50	50	49	51
fis-Adm	NA	NA	NA	NA	NA	NA	NA	NA	NA	NA
fis-noAdm	NA	NA	NA	NA	NA	NA	NA	NA	NA	NA
noStruct-Adm	NA	NA	NA	NA	NA	NA	NA	NA	NA	NA
noStruct-noAdm	NA	NA	NA	NA	NA	NA	NA	NA	NA	NA

TDIVCONT
V1	V2	V3	V4	V5	V6	V7	V8	V9	V10
Obs	1000	1000	1000	1000	1000	1000	1000	1000	1000	1000
pool-Adm	1104	1263	1132	1060	769	745	910	1168	1204	839
pool-noAdm	401	404	414	426	421	406	435	403	421	420
fis-Adm	602	1250	639	621	598	591	1151	572	986	601
fis-noAdm	555	498	497	506	514	511	503	503	579	502
noStruct-Adm	665	720	680	683	712	707	691	682	703	690
noStruct-noAdm	574	560	577	578	611	572	582	648	566	559

TADM
V1	V2	V3	V4	V5	V6	V7	V8	V9	V10
Obs	200	200	200	200	200	200	200	200	200	200
pool-Adm	155	209	183	191	115	144	114	174	197	95
pool-noAdm	NA	NA	NA	NA	NA	NA	NA	NA	NA	NA
fis-Adm	271	454	233	249	261	249	352	239	400	237
fis-noAdm	NA	NA	NA	NA	NA	NA	NA	NA	NA	NA
noStruct-Adm	325	341	300	382	321	322	326	359	344	375
noStruct-noAdm	NA	NA	NA	NA	NA	NA	NA	NA	NA	NA

admPROP
V1	V2	V3	V4	V5	V6	V7	V8	V9	V10
Obs	0.3	0.3	0.3	0.3	0.3	0.3	0.3	0.3	0.3	0.3
pool-Adm	0.282218	0.3234531	0.2958637	0.2741593	0.2314283	0.2668172	0.2375665	0.295342	0.3181639	0.2327494
pool-noAdm	NA	NA	NA	NA	NA	NA	NA	NA	NA	NA
fis-Adm	0.3141775	0.3891991	0.2768537	0.2740878	0.2870249	0.2793076	0.3430832	0.2098145	0.3920783	0.2535168
fis-noAdm	NA	NA	NA	NA	NA	NA	NA	NA	NA	NA
noStruct-Adm	0.2907952	0.3757082	0.2940335	0.3513602	0.3397815	0.3383401	0.3246144	0.3537229	0.3605826	0.3949276
noStruct-noAdm	NA	NA	NA	NA	NA	NA	NA	NA	NA	NA

FIS
V1	V2	V3	V4	V5	V6	V7	V8	V9	V10
pool-Adm	NA	NA	NA	NA	NA	NA	NA	NA	NA	NA
pool-noAdm	NA	NA	NA	NA	NA	NA	NA	NA	NA	NA
fis-Adm	0.3790473	0.4077627	0.3683889	0.3831739	0.3578501	0.3691792	0.3975681	0.3758624	0.3939325	0.3847313
fis-noAdm	0.3772068	0.3958386	0.3832425	0.3843881	0.366105	0.3593141	0.3902096	0.4000378	0.3845551	0.3966762
noStruct-Adm	NA	NA	NA	NA	NA	NA	NA	NA	NA	NA
noStruct-noAdm	NA	NA	NA	NA	NA	NA	NA	NA	NA	NA
