PARAMETERS

NancPOP
V1	V2	V3	V4	V5	V6	V7	V8	V9	V10
Obs	20000	20000	20000	20000	20000	20000	20000	20000	20000	20000
pool-Adm	20198	19891	20342	20011	20015	20031	19996	20165	20006	20023
pool-noAdm	19985	20002	20095	19774	19906	20182	19941	20150	20268	20128
fis-Adm	20085	19809	20157	20063	20022	19906	20044	20120	19935	19923
fis-noAdm	20163	19947	20120	19734	19851	20240	19967	20242	19545	20277
noStruct-Adm	20126	20009	20175	19845	20067	20421	20054	20156	20137	20009
noStruct-noAdm	20200	19945	20374	19770	19913	19753	20121	20176	19971	19747

NCONT1
V1	V2	V3	V4	V5	V6	V7	V8	V9	V10
Obs	2000	2000	2000	2000	2000	2000	2000	2000	2000	2000
pool-Adm	2320	1994	1622	2199	1656	2193	2195	1836	2208	2111
pool-noAdm	2458	1989	1839	2342	1998	1752	2282	2015	1203	1593
fis-Adm	2467	2299	2109	1912	1977	2315	2357	2003	2017	2314
fis-noAdm	1929	1982	2002	2477	2319	1752	2245	1802	2708	1503
noStruct-Adm	2173	2076	1653	2168	2026	1559	1861	1946	2222	1998
noStruct-noAdm	2006	1974	1556	2288	1951	2442	1959	1831	1801	2307

NCONT2
V1	V2	V3	V4	V5	V6	V7	V8	V9	V10
Obs	2000	2000	2000	2000	2000	2000	2000	2000	2000	2000
pool-Adm	2464	1997	1644	2368	1673	2268	2266	1867	2453	2129
pool-noAdm	2448	1983	1872	2371	2042	1741	2354	2036	1203	1571
fis-Adm	2596	2304	2198	1961	2031	2382	2426	2043	2108	2342
fis-noAdm	1903	1967	2039	2565	2351	1761	2300	1844	2740	1472
noStruct-Adm	2238	2139	1690	2299	2150	1574	1900	1981	2480	1984
noStruct-noAdm	1982	1953	1579	2379	1959	2499	1992	1871	1807	2281

TDIVpop
V1	V2	V3	V4	V5	V6	V7	V8	V9	V10
Obs	10	10	10	10	10	10	10	10	10	10
pool-Adm	15	4	10	9	5	11	14	2	9	7
pool-noAdm	15	5	12	11	10	2	14	8	7	1
fis-Adm	NA	NA	NA	NA	NA	NA	NA	NA	NA	NA
fis-noAdm	NA	NA	NA	NA	NA	NA	NA	NA	NA	NA
noStruct-Adm	NA	NA	NA	NA	NA	NA	NA	NA	NA	NA
noStruct-noAdm	NA	NA	NA	NA	NA	NA	NA	NA	NA	NA

TDIVCONT
V1	V2	V3	V4	V5	V6	V7	V8	V9	V10
Obs	1000	1000	1000	1000	1000	1000	1000	1000	1000	1000
pool-Adm	1241	1026	824	1202	856	1135	1081	980	1283	1111
pool-noAdm	1195	1016	922	1173	1015	911	1127	1034	604	828
fis-Adm	1288	1146	1086	988	1013	1213	1149	1031	1094	1194
fis-noAdm	930	1026	1001	1212	1138	923	1108	973	1302	776
noStruct-Adm	1215	1144	890	1240	1179	820	993	1054	1394	1071
noStruct-noAdm	1063	1038	834	1244	1043	1315	1041	995	948	1228

TADM
V1	V2	V3	V4	V5	V6	V7	V8	V9	V10
Obs	200	200	200	200	200	200	200	200	200	200
pool-Adm	874	810	459	382	707	80	732	766	710	93
pool-noAdm	NA	NA	NA	NA	NA	NA	NA	NA	NA	NA
fis-Adm	557	717	865	81	752	60	1045	472	688	324
fis-noAdm	NA	NA	NA	NA	NA	NA	NA	NA	NA	NA
noStruct-Adm	787	988	691	327	755	284	790	436	1049	370
noStruct-noAdm	NA	NA	NA	NA	NA	NA	NA	NA	NA	NA

admPROP
V1	V2	V3	V4	V5	V6	V7	V8	V9	V10
Obs	0	0	0	0	0	0	0	0	0	0
pool-Adm	0.1253159	0.0014389	0.0010265	0.0335575	0.0063899	0.0114581	0.0011886	0.001385	0.0982704	0.0095673
pool-noAdm	NA	NA	NA	NA	NA	NA	NA	NA	NA	NA
fis-Adm	0.0483922	0.0096968	0.0621926	0.0027063	0.0245844	0.0125033	0.0207338	0.000596523	0.0473124	0.0198767
fis-noAdm	NA	NA	NA	NA	NA	NA	NA	NA	NA	NA
noStruct-Adm	0.0664684	0.1206951	0.00074646	0.0285918	0.0796075	0.000679859	0.000208269	0.0041411	0.2422855	0.0124342
noStruct-noAdm	NA	NA	NA	NA	NA	NA	NA	NA	NA	NA

FIS
V1	V2	V3	V4	V5	V6	V7	V8	V9	V10
pool-Adm	NA	NA	NA	NA	NA	NA	NA	NA	NA	NA
pool-noAdm	NA	NA	NA	NA	NA	NA	NA	NA	NA	NA
fis-Adm	0.1349373	0.088216	0.120142	0.0599655	0.0929617	0.0809566	0.133726	0.0681106	0.0481031	0.0989325
fis-noAdm	0.1122177	0.0232719	0.108607	0.1293801	0.1280197	0.0081039	0.1074903	0.00799	0.1389965	0.0045132
noStruct-Adm	NA	NA	NA	NA	NA	NA	NA	NA	NA	NA
noStruct-noAdm	NA	NA	NA	NA	NA	NA	NA	NA	NA	NA
