PARAMETERS

NancPOP
V1	V2	V3	V4	V5	V6	V7	V8	V9	V10
Obs	20000	20000	20000	20000	20000	20000	20000	20000	20000	20000
pool-Adm	19820	19955	20280	20019	20156	20193	19914	20255	19763	20077
pool-noAdm	19789	19982	20149	20048	19903	19925	20079	20311	19903	20125
fis-Adm	19984	20138	20266	19998	20170	20053	19839	20149	19790	19861
fis-noAdm	19414	20168	20108	19937	20306	20179	19783	19715	19945	19956
noStruct-Adm	19927	20286	19972	20115	20356	20040	19893	20093	19829	19981
noStruct-noAdm	19611	19971	19925	19875	20252	19915	19905	19690	19630	19775

NCONT1
V1	V2	V3	V4	V5	V6	V7	V8	V9	V10
Obs	2000	2000	2000	2000	2000	2000	2000	2000	2000	2000
pool-Adm	2411	2206	2293	2504	2751	1766	2015	1803	1946	2302
pool-noAdm	2506	2266	1692	2311	2661	1979	1892	1704	1698	1959
fis-Adm	2206	2070	2343	2273	2122	1946	2416	2090	2528	2946
fis-noAdm	3262	1800	1741	2490	1873	1599	2193	2941	1876	2367
noStruct-Adm	2191	1745	2079	2488	1822	1958	2110	1975	1974	2273
noStruct-noAdm	2535	2013	2027	2333	1995	2200	1994	2634	2191	2423

NCONT2
V1	V2	V3	V4	V5	V6	V7	V8	V9	V10
Obs	2000	2000	2000	2000	2000	2000	2000	2000	2000	2000
pool-Adm	2459	2289	2415	2684	3091	1750	2036	1813	2009	2328
pool-noAdm	2511	2348	1692	2303	2668	1930	1888	1721	1746	1953
fis-Adm	2168	2131	2584	2362	2119	1932	2545	2106	2859	3265
fis-noAdm	3247	1840	1773	2510	1860	1560	2222	2946	1943	2356
noStruct-Adm	2157	1793	2106	2718	1850	1916	2104	1987	2055	2273
noStruct-noAdm	2515	2058	2039	2343	1988	2165	2004	2599	2268	2400

TDIVpop
V1	V2	V3	V4	V5	V6	V7	V8	V9	V10
Obs	0	0	0	0	0	0	0	0	0	0
pool-Adm	4	10	1	8	11	1	1	0	1	8
pool-noAdm	4	11	1	6	9	2	2	1	0	1
fis-Adm	NA	NA	NA	NA	NA	NA	NA	NA	NA	NA
fis-noAdm	NA	NA	NA	NA	NA	NA	NA	NA	NA	NA
noStruct-Adm	NA	NA	NA	NA	NA	NA	NA	NA	NA	NA
noStruct-noAdm	NA	NA	NA	NA	NA	NA	NA	NA	NA	NA

TDIVCONT
V1	V2	V3	V4	V5	V6	V7	V8	V9	V10
Obs	1000	1000	1000	1000	1000	1000	1000	1000	1000	1000
pool-Adm	1235	1054	1260	1319	1554	874	1015	899	993	1138
pool-noAdm	1231	1078	836	1115	1278	971	935	851	860	973
fis-Adm	1069	986	1374	1157	1022	971	1295	1035	1383	1586
fis-noAdm	1529	895	854	1189	921	784	1098	1375	961	1117
noStruct-Adm	1092	881	1057	1437	932	973	1060	994	1014	1161
noStruct-noAdm	1261	1012	1013	1167	1000	1096	1005	1325	1127	1216

TADM
V1	V2	V3	V4	V5	V6	V7	V8	V9	V10
Obs	200	200	200	200	200	200	200	200	200	200
pool-Adm	595	293	1144	246	821	612	404	508	711	56
pool-noAdm	NA	NA	NA	NA	NA	NA	NA	NA	NA	NA
fis-Adm	585	391	983	161	785	729	1054	226	618	346
fis-noAdm	NA	NA	NA	NA	NA	NA	NA	NA	NA	NA
noStruct-Adm	516	599	536	476	665	237	610	457	626	184
noStruct-noAdm	NA	NA	NA	NA	NA	NA	NA	NA	NA	NA

admPROP
V1	V2	V3	V4	V5	V6	V7	V8	V9	V10
Obs	0	0	0	0	0	0	0	0	0	0
pool-Adm	0.0322274	0.000392603	0.511581	0.0359693	0.1196645	0.0023609	0.0014455	0.000329103	0.0015736	0.0102835
pool-noAdm	NA	NA	NA	NA	NA	NA	NA	NA	NA	NA
fis-Adm	0.000338162	0.000530815	0.2073138	0.0205915	0.0020695	0.0080891	0.1324888	0.0011278	0.074806	0.0591358
fis-noAdm	NA	NA	NA	NA	NA	NA	NA	NA	NA	NA
noStruct-Adm	0.0044184	0.0020079	0.0092935	0.0673519	0.0193796	0.000444946	0.0020891	0.0023261	0.0017458	0.0075818
noStruct-noAdm	NA	NA	NA	NA	NA	NA	NA	NA	NA	NA

FIS
V1	V2	V3	V4	V5	V6	V7	V8	V9	V10
pool-Adm	NA	NA	NA	NA	NA	NA	NA	NA	NA	NA
pool-noAdm	NA	NA	NA	NA	NA	NA	NA	NA	NA	NA
fis-Adm	0.031938	0.0828201	0.0091261	0.0516581	0.0595344	0.0107744	0.0219318	0.0300789	0.0976303	0.1229456
fis-noAdm	0.1069016	0.0176765	0.0193046	0.0671191	0.0195755	0.0032802	0.0142791	0.1010783	0.0083264	0.0823136
noStruct-Adm	NA	NA	NA	NA	NA	NA	NA	NA	NA	NA
noStruct-noAdm	NA	NA	NA	NA	NA	NA	NA	NA	NA	NA
