PARAMETERS

NancPOP
V1	V2	V3	V4	V5	V6	V7	V8	V9	V10
Obs	20000	20000	20000	20000	20000	20000	20000	20000	20000	20000
pool-Adm	19850	19751	20031	20301	19808	20384	19953	20138	20170	19985
pool-noAdm	20257	19979	20133	20143	20180	19578	20023	20132	19371	20114
fis-Adm	20408	20053	20068	20397	19855	20126	19901	20086	19995	20020
fis-noAdm	20087	19878	20322	20316	19793	19779	19963	19760	20097	19940
noStruct-Adm	20233	19934	20288	20367	19923	20015	19892	20005	20169	20053
noStruct-noAdm	20209	19730	20090	20309	19648	19865	20098	19975	20102	19961

NCONT1
V1	V2	V3	V4	V5	V6	V7	V8	V9	V10
Obs	2000	2000	2000	2000	2000	2000	2000	2000	2000	2000
pool-Adm	2895	2981	2111	1845	2379	3505	2249	1868	2229	2191
pool-noAdm	1908	1863	1963	2015	1760	2399	2125	1946	3360	1955
fis-Adm	1887	2013	1929	1859	2357	2103	2098	1879	2075	2283
fis-noAdm	1970	2082	1831	1892	2023	2368	2123	2074	1952	2208
noStruct-Adm	1933	2072	2101	1850	1947	2101	2113	1984	2088	2113
noStruct-noAdm	1978	2093	1987	1841	2121	2166	2143	2000	1930	2084

NCONT2
V1	V2	V3	V4	V5	V6	V7	V8	V9	V10
Obs	2000	2000	2000	2000	2000	2000	2000	2000	2000	2000
pool-Adm	3159	3293	2114	1829	2513	4029	2286	1864	2289	2160
pool-noAdm	1902	1858	1952	2034	1742	2405	2127	1935	3236	1917
fis-Adm	1873	2018	1946	1877	2430	2066	2097	1868	2097	2323
fis-noAdm	2008	2038	1839	1873	2015	2386	2116	2072	1908	2181
noStruct-Adm	1947	2097	2192	1841	1936	2120	2147	1968	2130	2125
noStruct-noAdm	1951	2108	2023	1848	2090	2177	2138	1977	1937	2037

TDIVpop
V1	V2	V3	V4	V5	V6	V7	V8	V9	V10
Obs	0	0	0	0	0	0	0	0	0	0
pool-Adm	8	9	1	0	4	12	1	0	2	2
pool-noAdm	0	0	0	1	0	3	1	0	12	0
fis-Adm	NA	NA	NA	NA	NA	NA	NA	NA	NA	NA
fis-noAdm	NA	NA	NA	NA	NA	NA	NA	NA	NA	NA
noStruct-Adm	NA	NA	NA	NA	NA	NA	NA	NA	NA	NA
noStruct-noAdm	NA	NA	NA	NA	NA	NA	NA	NA	NA	NA

TDIVCONT
V1	V2	V3	V4	V5	V6	V7	V8	V9	V10
Obs	1000	1000	1000	1000	1000	1000	1000	1000	1000	1000
pool-Adm	1560	1636	1057	926	1244	2196	1154	936	1171	1075
pool-noAdm	952	918	974	1012	862	1172	1049	974	1484	962
fis-Adm	943	1010	962	938	1222	1039	1038	934	1082	1161
fis-noAdm	997	1025	921	949	988	1178	1044	1040	966	1080
noStruct-Adm	980	1073	1132	931	966	1057	1075	1000	1109	1085
noStruct-noAdm	992	1052	999	932	1045	1094	1069	997	965	1036

TADM
V1	V2	V3	V4	V5	V6	V7	V8	V9	V10
Obs	200	200	200	200	200	200	200	200	200	200
pool-Adm	877	1048	783	620	836	1598	814	566	879	267
pool-noAdm	NA	NA	NA	NA	NA	NA	NA	NA	NA	NA
fis-Adm	778	466	766	695	731	687	299	503	795	869
fis-noAdm	NA	NA	NA	NA	NA	NA	NA	NA	NA	NA
noStruct-Adm	720	685	865	524	882	348	606	731	843	788
noStruct-noAdm	NA	NA	NA	NA	NA	NA	NA	NA	NA	NA

admPROP
V1	V2	V3	V4	V5	V6	V7	V8	V9	V10
Obs	0	0	0	0	0	0	0	0	0	0
pool-Adm	0.0995206	0.1561256	0.0044483	0.0023272	0.0778607	0.592787	0.0415407	0.0011235	0.0836887	0.000544916
pool-noAdm	NA	NA	NA	NA	NA	NA	NA	NA	NA	NA
fis-Adm	0.0015694	0.0073861	0.0021098	0.0015347	0.0631903	0.0030638	0.001831	0.000493901	0.0510438	0.0521595
fis-noAdm	NA	NA	NA	NA	NA	NA	NA	NA	NA	NA
noStruct-Adm	0.0054913	0.0358216	0.0996559	0.000290608	0.0017385	0.000326197	0.0209916	0.0133734	0.083159	0.0489276
noStruct-noAdm	NA	NA	NA	NA	NA	NA	NA	NA	NA	NA

FIS
V1	V2	V3	V4	V5	V6	V7	V8	V9	V10
pool-Adm	NA	NA	NA	NA	NA	NA	NA	NA	NA	NA
pool-noAdm	NA	NA	NA	NA	NA	NA	NA	NA	NA	NA
fis-Adm	0.018106	0.0212162	0.0332888	0.0588937	0.1992239	0.0393828	0.0370092	0.046914	0.0103585	0.1796718
fis-noAdm	0.0158101	0.0587703	0.0107575	0.0088352	0.0363985	0.1121375	0.0469331	0.0272663	0.0070909	0.155611
noStruct-Adm	NA	NA	NA	NA	NA	NA	NA	NA	NA	NA
noStruct-noAdm	NA	NA	NA	NA	NA	NA	NA	NA	NA	NA
