PARAMETERS

NancPOP
V1	V2	V3	V4	V5	V6	V7	V8	V9	V10
Obs	20000	20000	20000	20000	20000	20000	20000	20000	20000	20000
pool-Adm	20243	19867	19903	20070	20138	20101	19918	19907	20208	20043
pool-noAdm	18208	18276	18173	18418	18393	18393	18289	18220	18235	18432
fis-Adm	20416	20489	20256	20360	20366	20177	20281	20437	20814	20544
fis-noAdm	17758	17936	17948	17872	17886	17775	17900	17854	17544	18080
noStruct-Adm	20835	20256	20402	20461	20700	20500	20685	20338	20406	20915
noStruct-noAdm	17757	17858	17792	17686	17576	17784	17700	17988	17834	17778

NCONT1
V1	V2	V3	V4	V5	V6	V7	V8	V9	V10
Obs	2000	2000	2000	2000	2000	2000	2000	2000	2000	2000
pool-Adm	2136	2402	2139	2208	2116	1867	2302	2355	2130	2308
pool-noAdm	1826	1917	1791	1714	1708	1747	1926	2010	2009	1935
fis-Adm	1017	1013	1036	1030	1306	1012	1026	1055	1210	1024
fis-noAdm	1407	1406	1413	1352	1372	1380	1419	1437	1397	1392
noStruct-Adm	1026	1014	1019	1028	1012	1014	1016	1013	1018	1016
noStruct-noAdm	1328	1391	1331	1324	1321	1329	1363	1349	1367	1322

NCONT2
V1	V2	V3	V4	V5	V6	V7	V8	V9	V10
Obs	2000	2000	2000	2000	2000	2000	2000	2000	2000	2000
pool-Adm	2225	2433	2210	2448	2201	1958	2325	2410	2233	2424
pool-noAdm	1017	1032	1012	1014	1011	1013	1011	1114	1012	1024
fis-Adm	1027	1028	1012	1017	1397	1012	1011	1017	1266	1011
fis-noAdm	1012	1010	1011	1012	1012	1016	1012	1013	1011	1012
noStruct-Adm	1012	1027	1021	1026	1017	1036	1014	1010	1017	1024
noStruct-noAdm	1010	1011	1011	1014	1012	1011	1011	1011	1011	1013

TDIVpop
V1	V2	V3	V4	V5	V6	V7	V8	V9	V10
Obs	50	50	50	50	50	50	50	50	50	50
pool-Adm	52	51	49	49	50	48	51	50	50	50
pool-noAdm	49	50	48	49	49	50	52	49	51	50
fis-Adm	NA	NA	NA	NA	NA	NA	NA	NA	NA	NA
fis-noAdm	NA	NA	NA	NA	NA	NA	NA	NA	NA	NA
noStruct-Adm	NA	NA	NA	NA	NA	NA	NA	NA	NA	NA
noStruct-noAdm	NA	NA	NA	NA	NA	NA	NA	NA	NA	NA

TDIVCONT
V1	V2	V3	V4	V5	V6	V7	V8	V9	V10
Obs	1000	1000	1000	1000	1000	1000	1000	1000	1000	1000
pool-Adm	1138	1224	1101	1283	1099	993	1174	1240	1159	1249
pool-noAdm	406	406	403	402	393	401	401	451	406	420
fis-Adm	691	696	663	685	970	685	678	702	918	682
fis-noAdm	552	552	544	539	552	547	560	562	553	565
noStruct-Adm	738	723	719	734	741	743	748	719	721	733
noStruct-noAdm	575	590	575	573	566	572	590	579	575	579

TADM
V1	V2	V3	V4	V5	V6	V7	V8	V9	V10
Obs	200	200	200	200	200	200	200	200	200	200
pool-Adm	194	170	209	255	216	208	208	224	202	261
pool-noAdm	NA	NA	NA	NA	NA	NA	NA	NA	NA	NA
fis-Adm	290	273	285	301	395	281	311	334	380	312
fis-noAdm	NA	NA	NA	NA	NA	NA	NA	NA	NA	NA
noStruct-Adm	358	309	336	351	369	328	358	333	343	354
noStruct-noAdm	NA	NA	NA	NA	NA	NA	NA	NA	NA	NA

admPROP
V1	V2	V3	V4	V5	V6	V7	V8	V9	V10
Obs	0.3	0.3	0.3	0.3	0.3	0.3	0.3	0.3	0.3	0.3
pool-Adm	0.3164035	0.2849945	0.2983853	0.3397914	0.3074008	0.307188	0.2960019	0.3114186	0.3269724	0.3325588
pool-noAdm	NA	NA	NA	NA	NA	NA	NA	NA	NA	NA
fis-Adm	0.3183957	0.3043666	0.290971	0.3068335	0.3651784	0.3059398	0.3152334	0.3475972	0.3934351	0.32641
fis-noAdm	NA	NA	NA	NA	NA	NA	NA	NA	NA	NA
noStruct-Adm	0.3749855	0.3115613	0.332485	0.3649601	0.4044751	0.3375171	0.372324	0.3378903	0.3471691	0.3630575
noStruct-noAdm	NA	NA	NA	NA	NA	NA	NA	NA	NA	NA

FIS
V1	V2	V3	V4	V5	V6	V7	V8	V9	V10
pool-Adm	NA	NA	NA	NA	NA	NA	NA	NA	NA	NA
pool-noAdm	NA	NA	NA	NA	NA	NA	NA	NA	NA	NA
fis-Adm	0.3905884	0.4364536	0.4633417	0.4208894	0.4610509	0.4390977	0.4078876	0.4389077	0.4251333	0.4018853
fis-noAdm	0.455069	0.4607326	0.4811178	0.4521837	0.4286226	0.4765457	0.4479443	0.4699471	0.4411558	0.4467265
noStruct-Adm	NA	NA	NA	NA	NA	NA	NA	NA	NA	NA
noStruct-noAdm	NA	NA	NA	NA	NA	NA	NA	NA	NA	NA
