PARAMETERS

NancPOP
V1	V2	V3	V4	V5	V6	V7	V8	V9	V10
Obs	20000	20000	20000	20000	20000	20000	20000	20000	20000	20000
pool-Adm	20061	20083	19861	19797	19614	19981	19894	19856	19894	19859
pool-noAdm	19376	19296	19602	19223	19177	19439	19341	19341	19263	19467
fis-Adm	20423	20316	20183	20495	20662	20490	20203	20090	20214	20002
fis-noAdm	18979	19098	19098	18819	19037	18882	19194	18919	19063	19015
noStruct-Adm	20193	20287	20302	20282	20380	20599	20436	20217	20454	20083
noStruct-noAdm	18786	18882	19040	18754	18880	18824	18812	18672	18864	18961

NCONT1
V1	V2	V3	V4	V5	V6	V7	V8	V9	V10
Obs	2000	2000	2000	2000	2000	2000	2000	2000	2000	2000
pool-Adm	1812	2048	2190	2213	2093	1597	2113	1923	2109	1751
pool-noAdm	1420	1402	1383	1375	1486	1442	1584	1426	1468	1445
fis-Adm	1019	1053	1033	1016	1384	1026	1037	1020	1042	1086
fis-noAdm	1182	1241	1181	1219	1247	1217	1213	1181	1220	1206
noStruct-Adm	1019	1018	1015	1014	1024	1020	1044	1023	1019	1021
noStruct-noAdm	1192	1208	1159	1201	1225	1184	1202	1191	1183	1201

NCONT2
V1	V2	V3	V4	V5	V6	V7	V8	V9	V10
Obs	2000	2000	2000	2000	2000	2000	2000	2000	2000	2000
pool-Adm	1754	1913	2153	2319	1958	1504	2108	1897	2167	1606
pool-noAdm	1063	1032	1040	1016	1041	1059	1137	1042	1088	1075
fis-Adm	1019	1029	1019	1011	1397	1017	1028	1019	1023	1052
fis-noAdm	1011	1012	1012	1025	1020	1013	1019	1010	1020	1015
noStruct-Adm	1012	1012	1019	1011	1018	1012	1036	1028	1012	1015
noStruct-noAdm	1013	1018	1015	1011	1011	1010	1011	1015	1014	1014

TDIVpop
V1	V2	V3	V4	V5	V6	V7	V8	V9	V10
Obs	50	50	50	50	50	50	50	50	50	50
pool-Adm	51	49	53	51	51	51	51	51	52	50
pool-noAdm	50	48	52	47	49	50	51	49	49	49
fis-Adm	NA	NA	NA	NA	NA	NA	NA	NA	NA	NA
fis-noAdm	NA	NA	NA	NA	NA	NA	NA	NA	NA	NA
noStruct-Adm	NA	NA	NA	NA	NA	NA	NA	NA	NA	NA
noStruct-noAdm	NA	NA	NA	NA	NA	NA	NA	NA	NA	NA

TDIVCONT
V1	V2	V3	V4	V5	V6	V7	V8	V9	V10
Obs	1000	1000	1000	1000	1000	1000	1000	1000	1000	1000
pool-Adm	847	944	1023	1179	958	736	1020	925	1056	775
pool-noAdm	476	472	459	479	483	485	506	475	490	496
fis-Adm	686	686	670	686	1025	685	689	667	679	704
fis-noAdm	596	610	604	614	619	614	610	605	621	618
noStruct-Adm	707	706	705	716	722	731	747	731	720	708
noStruct-noAdm	644	641	637	638	649	636	639	639	639	648

TADM
V1	V2	V3	V4	V5	V6	V7	V8	V9	V10
Obs	200	200	200	200	200	200	200	200	200	200
pool-Adm	130	150	104	247	106	77	172	157	209	98
pool-noAdm	NA	NA	NA	NA	NA	NA	NA	NA	NA	NA
fis-Adm	376	362	316	346	554	295	340	319	324	381
fis-noAdm	NA	NA	NA	NA	NA	NA	NA	NA	NA	NA
noStruct-Adm	366	344	423	368	416	393	454	378	403	353
noStruct-noAdm	NA	NA	NA	NA	NA	NA	NA	NA	NA	NA

admPROP
V1	V2	V3	V4	V5	V6	V7	V8	V9	V10
Obs	0.15	0.15	0.15	0.15	0.15	0.15	0.15	0.15	0.15	0.15
pool-Adm	0.1218154	0.1134655	0.1146235	0.1795188	0.112107	0.1009814	0.1390165	0.1255236	0.1578033	0.0930556
pool-noAdm	NA	NA	NA	NA	NA	NA	NA	NA	NA	NA
fis-Adm	0.2134727	0.1892853	0.1442265	0.1953697	0.3046483	0.1516475	0.1834243	0.1512623	0.1594715	0.1762089
fis-noAdm	NA	NA	NA	NA	NA	NA	NA	NA	NA	NA
noStruct-Adm	0.1811556	0.1634022	0.2224698	0.1956028	0.2277621	0.21919	0.2806217	0.1944113	0.225555	0.1581325
noStruct-noAdm	NA	NA	NA	NA	NA	NA	NA	NA	NA	NA

FIS
V1	V2	V3	V4	V5	V6	V7	V8	V9	V10
pool-Adm	NA	NA	NA	NA	NA	NA	NA	NA	NA	NA
pool-noAdm	NA	NA	NA	NA	NA	NA	NA	NA	NA	NA
fis-Adm	0.4090523	0.4519467	0.4631335	0.4288142	0.4499818	0.4232209	0.4521998	0.4492151	0.4544632	0.3746113
fis-noAdm	0.4615035	0.4752464	0.4637509	0.4455797	0.4359074	0.4399917	0.4617352	0.4650181	0.4319362	0.4377733
noStruct-Adm	NA	NA	NA	NA	NA	NA	NA	NA	NA	NA
noStruct-noAdm	NA	NA	NA	NA	NA	NA	NA	NA	NA	NA
