PARAMETERS

NancPOP
V1	V2	V3	V4	V5	V6	V7	V8	V9	V10
Obs	20000	20000	20000	20000	20000	20000	20000	20000	20000	20000
pool-Adm	19889	20035	20071	19786	20122	19907	19850	20147	19873	20007
pool-noAdm	19855	19825	19927	19765	19963	19750	20190	19981	20057	19971
fis-Adm	19780	19974	20095	19976	19638	19958	19950	19838	20036	19990
fis-noAdm	19851	19790	19754	19710	19848	19917	19857	19904	20114	20262
noStruct-Adm	19874	20065	20027	20168	20154	20161	19900	20228	19941	20635
noStruct-noAdm	20123	20437	19670	20102	20159	20453	20467	20557	20006	20439

NCONT1
V1	V2	V3	V4	V5	V6	V7	V8	V9	V10
Obs	2000	2000	2000	2000	2000	2000	2000	2000	2000	2000
pool-Adm	2025	2204	1993	2642	2798	2244	2729	2067	2511	2114
pool-noAdm	2196	2343	2147	2521	1966	2495	1640	2307	1748	2376
fis-Adm	2938	2660	2392	2289	2739	2521	2147	2962	2861	2930
fis-noAdm	2433	2822	2829	2877	2321	2404	2362	2575	2017	1843
noStruct-Adm	1051	1355	1060	1069	1033	1017	1040	1045	1095	1011
noStruct-noAdm	1046	1053	1563	1317	1055	1052	1054	1072	1486	1054

NCONT2
V1	V2	V3	V4	V5	V6	V7	V8	V9	V10
Obs	2000	2000	2000	2000	2000	2000	2000	2000	2000	2000
pool-Adm	2072	2313	2104	2773	3276	2347	3003	2018	2622	2121
pool-noAdm	2214	2382	2210	2468	2019	2487	1590	2261	1756	2336
fis-Adm	3217	2815	2606	2263	2950	2519	2053	3022	3027	3215
fis-noAdm	2458	2841	2944	2892	2382	2429	2327	2520	2008	1806
noStruct-Adm	1043	1355	1126	1037	1066	1019	1034	1042	1069	1013
noStruct-noAdm	1030	1062	1630	1261	1057	1028	1027	1060	1454	1039

TDIVpop
V1	V2	V3	V4	V5	V6	V7	V8	V9	V10
Obs	100	100	100	100	100	100	100	100	100	100
pool-Adm	101	97	100	102	98	101	101	100	101	100
pool-noAdm	99	97	98	102	100	98	101	100	98	99
fis-Adm	NA	NA	NA	NA	NA	NA	NA	NA	NA	NA
fis-noAdm	NA	NA	NA	NA	NA	NA	NA	NA	NA	NA
noStruct-Adm	NA	NA	NA	NA	NA	NA	NA	NA	NA	NA
noStruct-noAdm	NA	NA	NA	NA	NA	NA	NA	NA	NA	NA

TDIVCONT
V1	V2	V3	V4	V5	V6	V7	V8	V9	V10
Obs	1000	1000	1000	1000	1000	1000	1000	1000	1000	1000
pool-Adm	1012	1148	1040	1354	1771	1150	1556	1003	1308	1077
pool-noAdm	1092	1176	1093	1188	998	1227	817	1121	874	1168
fis-Adm	1510	1284	1162	991	1331	1130	940	1384	1406	1563
fis-noAdm	1086	1291	1298	1262	1067	1076	1054	1131	884	816
noStruct-Adm	774	1007	815	763	784	753	766	755	782	757
noStruct-noAdm	772	777	1198	948	794	786	766	769	1103	773

TADM
V1	V2	V3	V4	V5	V6	V7	V8	V9	V10
Obs	200	200	200	200	200	200	200	200	200	200
pool-Adm	442	591	304	522	1352	273	829	424	467	517
pool-noAdm	NA	NA	NA	NA	NA	NA	NA	NA	NA	NA
fis-Adm	621	544	667	381	833	484	526	735	911	528
fis-noAdm	NA	NA	NA	NA	NA	NA	NA	NA	NA	NA
noStruct-Adm	456	708	427	642	262	542	440	256	246	664
noStruct-noAdm	NA	NA	NA	NA	NA	NA	NA	NA	NA	NA

admPROP
V1	V2	V3	V4	V5	V6	V7	V8	V9	V10
Obs	0	0	0	0	0	0	0	0	0	0
pool-Adm	0.0021811	0.0273839	0.0122931	0.0374587	0.4163018	0.0214384	0.1123672	0.000547314	0.0402669	0.0134238
pool-noAdm	NA	NA	NA	NA	NA	NA	NA	NA	NA	NA
fis-Adm	0.0766911	0.0351693	0.039177	0.001469	0.0540965	0.0021371	0.000875142	0.0423461	0.1007539	0.0790582
fis-noAdm	NA	NA	NA	NA	NA	NA	NA	NA	NA	NA
noStruct-Adm	0.0019384	0.000362476	0.000303235	0.0076746	0.000591251	0.000232035	0.0030689	0.0010019	0.00025478	0.000550693
noStruct-noAdm	NA	NA	NA	NA	NA	NA	NA	NA	NA	NA

FIS
V1	V2	V3	V4	V5	V6	V7	V8	V9	V10
pool-Adm	NA	NA	NA	NA	NA	NA	NA	NA	NA	NA
pool-noAdm	NA	NA	NA	NA	NA	NA	NA	NA	NA	NA
fis-Adm	0.6322651	0.6236932	0.6277587	0.6326183	0.6289428	0.6293965	0.6242427	0.6276052	0.6305784	0.6343189
fis-noAdm	0.6314296	0.6212394	0.6310666	0.6332202	0.6276199	0.631169	0.6258681	0.6253055	0.6292262	0.6317577
noStruct-Adm	NA	NA	NA	NA	NA	NA	NA	NA	NA	NA
noStruct-noAdm	NA	NA	NA	NA	NA	NA	NA	NA	NA	NA
