PARAMETERS

NancPOP
V1	V2	V3	V4	V5	V6	V7	V8	V9	V10
Obs	20000	20000	20000	20000	20000	20000	20000	20000	20000	20000
pool-Adm	19754	19586	19897	19879	19959	19881	20053	20153	20088	19872
pool-noAdm	19131	19235	19412	19383	19342	19422	19174	19594	18806	19251
fis-Adm	19720	19718	20020	20150	19835	20381	19945	19959	20079	20113
fis-noAdm	19059	19275	19267	19198	19330	18792	19193	19295	19276	19251
noStruct-Adm	20057	19978	20074	20562	20348	19714	20068	20544	20374	19968
noStruct-noAdm	19019	19127	19057	18993	18967	19015	18905	19435	19349	18950

NCONT1
V1	V2	V3	V4	V5	V6	V7	V8	V9	V10
Obs	2000	2000	2000	2000	2000	2000	2000	2000	2000	2000
pool-Adm	2027	1920	2033	2140	2118	2505	2094	1834	1917	1929
pool-noAdm	1457	1491	1472	1443	1400	1431	1792	1354	2453	1388
fis-Adm	1774	1214	1083	1094	1575	1066	1099	1516	1125	1085
fis-noAdm	1322	1260	1354	1312	1294	1583	1251	1274	1288	1227
noStruct-Adm	1082	1138	1069	1416	1071	1057	1323	1425	1069	1032
noStruct-noAdm	1214	1202	1271	1219	1434	1252	1199	1182	1229	1201

NCONT2
V1	V2	V3	V4	V5	V6	V7	V8	V9	V10
Obs	2000	2000	2000	2000	2000	2000	2000	2000	2000	2000
pool-Adm	1913	1726	1944	2047	2099	2733	2188	1813	1768	1898
pool-noAdm	1056	1080	1058	1056	1038	1041	1348	1017	1723	1033
fis-Adm	1836	1072	1012	1036	1542	1022	1048	1462	1014	1040
fis-noAdm	1015	1011	1084	1051	1043	1281	1021	1054	1020	1013
noStruct-Adm	1034	1045	1012	1469	1015	1014	1307	1495	1031	1015
noStruct-noAdm	1011	1013	1013	1016	1170	1026	1012	1021	1016	1020

TDIVpop
V1	V2	V3	V4	V5	V6	V7	V8	V9	V10
Obs	50	50	50	50	50	50	50	50	50	50
pool-Adm	49	50	51	51	51	51	49	50	50	52
pool-noAdm	48	50	50	51	49	49	49	49	49	51
fis-Adm	NA	NA	NA	NA	NA	NA	NA	NA	NA	NA
fis-noAdm	NA	NA	NA	NA	NA	NA	NA	NA	NA	NA
noStruct-Adm	NA	NA	NA	NA	NA	NA	NA	NA	NA	NA
noStruct-noAdm	NA	NA	NA	NA	NA	NA	NA	NA	NA	NA

TDIVCONT
V1	V2	V3	V4	V5	V6	V7	V8	V9	V10
Obs	1000	1000	1000	1000	1000	1000	1000	1000	1000	1000
pool-Adm	963	834	940	1003	1051	1389	1119	903	873	895
pool-noAdm	493	495	481	487	477	475	606	471	778	467
fis-Adm	1149	617	608	623	967	625	617	904	615	612
fis-noAdm	575	558	595	590	584	714	558	584	576	552
noStruct-Adm	693	700	660	1047	689	662	897	1067	701	672
noStruct-noAdm	627	617	631	629	731	633	616	632	627	609

TADM
V1	V2	V3	V4	V5	V6	V7	V8	V9	V10
Obs	200	200	200	200	200	200	200	200	200	200
pool-Adm	86	87	106	88	179	211	207	235	70	107
pool-noAdm	NA	NA	NA	NA	NA	NA	NA	NA	NA	NA
fis-Adm	411	198	304	273	335	297	301	383	303	266
fis-noAdm	NA	NA	NA	NA	NA	NA	NA	NA	NA	NA
noStruct-Adm	364	393	355	558	361	331	507	603	373	427
noStruct-noAdm	NA	NA	NA	NA	NA	NA	NA	NA	NA	NA

admPROP
V1	V2	V3	V4	V5	V6	V7	V8	V9	V10
Obs	0.15	0.15	0.15	0.15	0.15	0.15	0.15	0.15	0.15	0.15
pool-Adm	0.1097431	0.0891142	0.1175142	0.1106554	0.1459936	0.1849563	0.1660792	0.1505747	0.0957389	0.1176839
pool-noAdm	NA	NA	NA	NA	NA	NA	NA	NA	NA	NA
fis-Adm	0.1873514	0.0614699	0.1492227	0.124237	0.1459188	0.1634541	0.1410206	0.1585533	0.1298103	0.1323253
fis-noAdm	NA	NA	NA	NA	NA	NA	NA	NA	NA	NA
noStruct-Adm	0.1448183	0.1317825	0.148298	0.2548573	0.1613024	0.1361202	0.2278437	0.2965583	0.1864997	0.2243924
noStruct-noAdm	NA	NA	NA	NA	NA	NA	NA	NA	NA	NA

FIS
V1	V2	V3	V4	V5	V6	V7	V8	V9	V10
pool-Adm	NA	NA	NA	NA	NA	NA	NA	NA	NA	NA
pool-noAdm	NA	NA	NA	NA	NA	NA	NA	NA	NA	NA
fis-Adm	0.393231	0.3847003	0.3466164	0.3629686	0.3897771	0.3483726	0.3601587	0.3735656	0.3624301	0.3886229
fis-noAdm	0.3542787	0.3905074	0.3693243	0.3707443	0.3578098	0.3457162	0.3804458	0.3575515	0.3504659	0.3819829
noStruct-Adm	NA	NA	NA	NA	NA	NA	NA	NA	NA	NA
noStruct-noAdm	NA	NA	NA	NA	NA	NA	NA	NA	NA	NA
