PARAMETERS

NancPOP
V1	V2	V3	V4	V5	V6	V7	V8	V9	V10
Obs	20000	20000	20000	20000	20000	20000	20000	20000	20000	20000
pool-Adm	20097	20141	19831	20034	20056	19797	20027	20144	19941	19883
pool-noAdm	20099	19759	20097	20040	19507	19769	20135	19791	19610	19822
fis-Adm	20072	20304	20160	20083	20103	19833	20263	19874	19820	19941
fis-noAdm	20212	20020	19980	20126	20131	19681	20183	19894	19958	19747
noStruct-Adm	20053	20181	19842	20288	19942	19970	20021	19850	19907	19950
noStruct-noAdm	20138	20069	19873	20151	19949	19818	20030	19943	19850	19732

NCONT1
V1	V2	V3	V4	V5	V6	V7	V8	V9	V10
Obs	2000	2000	2000	2000	2000	2000	2000	2000	2000	2000
pool-Adm	2367	2030	2592	2520	2033	2405	2765	1764	2014	2791
pool-noAdm	2238	2961	1969	2033	3287	2520	2333	2317	2348	2327
fis-Adm	2108	1624	1813	2586	1942	2301	1798	2044	2743	2672
fis-noAdm	2026	2174	2018	1947	1941	2556	2063	2113	1945	2376
noStruct-Adm	2183	1900	2283	2125	2452	2077	2092	1962	1935	2213
noStruct-noAdm	1891	2005	2111	1851	2141	2249	2139	2032	2045	2411

NCONT2
V1	V2	V3	V4	V5	V6	V7	V8	V9	V10
Obs	2000	2000	2000	2000	2000	2000	2000	2000	2000	2000
pool-Adm	2453	2061	2813	2663	2035	2453	3060	1738	2049	3089
pool-noAdm	2254	3021	1971	2035	3310	2529	2337	2297	2366	2354
fis-Adm	2120	1608	1817	2831	1937	2301	1808	2061	3068	2926
fis-noAdm	2045	2207	2039	1945	1932	2587	2083	2106	1973	2365
noStruct-Adm	2207	1927	2451	2237	2621	2091	2118	1981	1952	2265
noStruct-noAdm	1881	2007	2131	1841	2144	2259	2140	2050	2064	2439

TDIVpop
V1	V2	V3	V4	V5	V6	V7	V8	V9	V10
Obs	0	0	0	0	0	0	0	0	0	0
pool-Adm	6	3	7	5	1	4	11	1	1	13
pool-noAdm	7	18	0	0	17	7	7	5	5	6
fis-Adm	NA	NA	NA	NA	NA	NA	NA	NA	NA	NA
fis-noAdm	NA	NA	NA	NA	NA	NA	NA	NA	NA	NA
noStruct-Adm	NA	NA	NA	NA	NA	NA	NA	NA	NA	NA
noStruct-noAdm	NA	NA	NA	NA	NA	NA	NA	NA	NA	NA

TDIVCONT
V1	V2	V3	V4	V5	V6	V7	V8	V9	V10
Obs	1000	1000	1000	1000	1000	1000	1000	1000	1000	1000
pool-Adm	1208	1016	1392	1371	1003	1212	1457	856	1003	1460
pool-noAdm	1072	1304	990	1028	1395	1196	1108	1112	1131	1108
fis-Adm	1029	820	909	1459	950	1129	889	1015	1549	1424
fis-noAdm	999	1079	1011	970	955	1252	1024	1049	974	1130
noStruct-Adm	1120	967	1279	1181	1386	1042	1051	984	972	1150
noStruct-noAdm	947	1016	1066	938	1068	1136	1079	1025	1025	1210

TADM
V1	V2	V3	V4	V5	V6	V7	V8	V9	V10
Obs	200	200	200	200	200	200	200	200	200	200
pool-Adm	911	450	632	1027	730	842	920	84	317	857
pool-noAdm	NA	NA	NA	NA	NA	NA	NA	NA	NA	NA
fis-Adm	364	638	788	902	547	622	458	438	1031	848
fis-noAdm	NA	NA	NA	NA	NA	NA	NA	NA	NA	NA
noStruct-Adm	988	713	898	873	981	617	689	411	609	648
noStruct-noAdm	NA	NA	NA	NA	NA	NA	NA	NA	NA	NA

admPROP
V1	V2	V3	V4	V5	V6	V7	V8	V9	V10
Obs	0	0	0	0	0	0	0	0	0	0
pool-Adm	0.0873183	0.000767189	0.0625853	0.164624	0.0096633	0.0415465	0.1236414	0.000532983	0.0012306	0.1201577
pool-noAdm	NA	NA	NA	NA	NA	NA	NA	NA	NA	NA
fis-Adm	0.000175626	0.000747233	0.000526796	0.1318191	0.000279564	0.003613	0.000300313	0.0021401	0.1682102	0.0900746
fis-noAdm	NA	NA	NA	NA	NA	NA	NA	NA	NA	NA
noStruct-Adm	0.0391396	0.000420215	0.1118648	0.1158645	0.14964	0.0012312	0.0021421	0.0026361	0.0075683	0.0204557
noStruct-noAdm	NA	NA	NA	NA	NA	NA	NA	NA	NA	NA

FIS
V1	V2	V3	V4	V5	V6	V7	V8	V9	V10
pool-Adm	NA	NA	NA	NA	NA	NA	NA	NA	NA	NA
pool-noAdm	NA	NA	NA	NA	NA	NA	NA	NA	NA	NA
fis-Adm	0.1209998	0.0052531	0.0153186	0.1503087	0.0262075	0.0709186	0.0147449	0.0434504	0.1763351	0.1749496
fis-noAdm	0.0739466	0.0895427	0.0370674	0.0355649	0.0121173	0.1247107	0.0380858	0.0201134	0.0065368	0.1437604
noStruct-Adm	NA	NA	NA	NA	NA	NA	NA	NA	NA	NA
noStruct-noAdm	NA	NA	NA	NA	NA	NA	NA	NA	NA	NA
