PARAMETERS

NancPOP
V1	V2	V3	V4	V5	V6	V7	V8	V9	V10
Obs	20000	20000	20000	20000	20000	20000	20000	20000	20000	20000
pool-Adm	20115	19914	19930	19969	20116	20071	20253	20155	19922	20082
pool-noAdm	20232	20024	20100	20055	20011	20187	19708	19839	20114	20567
fis-Adm	20230	20456	20408	20388	20256	20373	20309	20158	20405	20466
fis-noAdm	20397	19625	20483	20318	20169	20280	20280	20286	20708	20312
noStruct-Adm	20376	20145	20350	20209	20192	20485	20322	20150	20695	20427
noStruct-noAdm	20358	19879	20448	20324	20320	20478	20042	20407	20303	20408

NCONT1
V1	V2	V3	V4	V5	V6	V7	V8	V9	V10
Obs	2000	2000	2000	2000	2000	2000	2000	2000	2000	2000
pool-Adm	1944	2205	2165	2447	1848	2149	2966	1948	2117	2387
pool-noAdm	1759	1869	1803	2116	1954	1944	2327	1997	1825	1640
fis-Adm	1235	1361	1021	1014	1243	1022	1023	1027	1017	1040
fis-noAdm	1040	1411	1025	1049	1041	1019	1019	1032	1021	1020
noStruct-Adm	1013	1017	1018	1022	1024	1013	1018	1023	1014	1010
noStruct-noAdm	1014	1012	1015	1036	1013	1011	1017	1012	1011	1014

NCONT2
V1	V2	V3	V4	V5	V6	V7	V8	V9	V10
Obs	2000	2000	2000	2000	2000	2000	2000	2000	2000	2000
pool-Adm	1976	2270	2207	2651	1829	2175	3517	1958	2160	2469
pool-noAdm	1789	1893	1801	2107	1909	1969	2342	2026	1864	1617
fis-Adm	1257	1474	1033	1027	1268	1033	1017	1017	1012	1026
fis-noAdm	1038	1410	1045	1038	1036	1040	1044	1027	1021	1019
noStruct-Adm	1019	1018	1017	1023	1019	1018	1021	1032	1018	1015
noStruct-noAdm	1020	1013	1033	1031	1016	1013	1014	1013	1017	1017

TDIVpop
V1	V2	V3	V4	V5	V6	V7	V8	V9	V10
Obs	50	50	50	50	50	50	50	50	50	50
pool-Adm	51	51	50	51	49	52	53	52	52	53
pool-noAdm	51	51	50	51	48	50	51	51	51	51
fis-Adm	NA	NA	NA	NA	NA	NA	NA	NA	NA	NA
fis-noAdm	NA	NA	NA	NA	NA	NA	NA	NA	NA	NA
noStruct-Adm	NA	NA	NA	NA	NA	NA	NA	NA	NA	NA
noStruct-noAdm	NA	NA	NA	NA	NA	NA	NA	NA	NA	NA

TDIVCONT
V1	V2	V3	V4	V5	V6	V7	V8	V9	V10
Obs	1000	1000	1000	1000	1000	1000	1000	1000	1000	1000
pool-Adm	978	1151	1093	1363	924	1074	1927	968	1056	1238
pool-noAdm	888	932	901	1065	981	984	1143	985	920	810
fis-Adm	868	1060	690	696	845	700	687	686	684	691
fis-noAdm	707	958	700	706	701	700	698	695	693	682
noStruct-Adm	717	717	719	728	722	726	716	733	726	709
noStruct-noAdm	721	709	718	731	720	707	720	717	712	711

TADM
V1	V2	V3	V4	V5	V6	V7	V8	V9	V10
Obs	200	200	200	200	200	200	200	200	200	200
pool-Adm	389	844	463	1073	580	815	1341	698	351	547
pool-noAdm	NA	NA	NA	NA	NA	NA	NA	NA	NA	NA
fis-Adm	591	799	539	551	646	607	396	367	513	510
fis-noAdm	NA	NA	NA	NA	NA	NA	NA	NA	NA	NA
noStruct-Adm	560	532	365	574	494	591	644	588	452	324
noStruct-noAdm	NA	NA	NA	NA	NA	NA	NA	NA	NA	NA

admPROP
V1	V2	V3	V4	V5	V6	V7	V8	V9	V10
Obs	0	0	0	0	0	0	0	0	0	0
pool-Adm	0.0016042	0.055465	0.0111667	0.1798563	0.0021267	0.0120821	0.3958829	0.000277835	0.000793616	0.0492431
pool-noAdm	NA	NA	NA	NA	NA	NA	NA	NA	NA	NA
fis-Adm	0.0315638	0.1967418	0.000497557	0.0048641	0.0020479	0.000395519	0.000708734	0.000395532	0.000699595	0.000183716
fis-noAdm	NA	NA	NA	NA	NA	NA	NA	NA	NA	NA
noStruct-Adm	0.0041622	0.000842882	0.0013718	0.0026245	0.0015391	0.0169724	0.000512548	0.0152142	0.0062596	0.000548588
noStruct-noAdm	NA	NA	NA	NA	NA	NA	NA	NA	NA	NA

FIS
V1	V2	V3	V4	V5	V6	V7	V8	V9	V10
pool-Adm	NA	NA	NA	NA	NA	NA	NA	NA	NA	NA
pool-noAdm	NA	NA	NA	NA	NA	NA	NA	NA	NA	NA
fis-Adm	0.4784017	0.4626159	0.4460337	0.433378	0.4693863	0.4847323	0.4369617	0.4609234	0.4294942	0.4756082
fis-noAdm	0.4613882	0.4935862	0.4167539	0.4240233	0.4260527	0.4465906	0.4450845	0.4529904	0.4287612	0.4383255
noStruct-Adm	NA	NA	NA	NA	NA	NA	NA	NA	NA	NA
noStruct-noAdm	NA	NA	NA	NA	NA	NA	NA	NA	NA	NA
