PARAMETERS

NancPOP
V1	V2	V3	V4	V5	V6	V7	V8	V9	V10
Obs	20000	20000	20000	20000	20000	20000	20000	20000	20000	20000
pool-Adm	19965	19789	19881	19971	19857	20159	19655	19757	19979	19875
pool-noAdm	19355	19413	19337	19540	19553	19543	19356	19426	19202	19177
fis-Adm	20074	19826	19891	20005	20061	20005	19759	19751	19921	19884
fis-noAdm	19338	19389	19419	19466	18932	19526	19482	19406	19502	18944
noStruct-Adm	20383	20439	20127	20171	20113	20566	20192	19877	20351	19809
noStruct-noAdm	18935	19280	18849	18721	19657	18790	19256	19424	18900	19500

NCONT1
V1	V2	V3	V4	V5	V6	V7	V8	V9	V10
Obs	2000	2000	2000	2000	2000	2000	2000	2000	2000	2000
pool-Adm	1667	2017	1546	1539	1991	2430	1929	2205	1805	2422
pool-noAdm	1444	1399	1379	1433	1393	1386	1366	1521	2436	2364
fis-Adm	2154	2594	1769	2494	2311	1946	2428	2668	2086	2437
fis-noAdm	1577	1889	1643	1416	3165	1564	1530	1654	1554	2641
noStruct-Adm	1280	1136	1827	1878	1240	1481	1130	1303	1052	1199
noStruct-noAdm	1231	1269	1670	2132	1212	2211	1570	1216	2085	1298

NCONT2
V1	V2	V3	V4	V5	V6	V7	V8	V9	V10
Obs	2000	2000	2000	2000	2000	2000	2000	2000	2000	2000
pool-Adm	1585	1789	1370	1357	1888	2709	1825	2200	1684	2515
pool-noAdm	1047	1012	1018	1029	1015	1019	1027	1119	1765	1709
fis-Adm	2320	2537	1563	2601	2349	1814	2522	2903	1930	2465
fis-noAdm	1135	1356	1195	1015	2281	1147	1143	1207	1125	1898
noStruct-Adm	1271	1048	1907	1844	1132	1494	1034	1199	1012	1062
noStruct-noAdm	1012	1019	1295	1669	1014	1762	1248	1018	1657	1031

TDIVpop
V1	V2	V3	V4	V5	V6	V7	V8	V9	V10
Obs	50	50	50	50	50	50	50	50	50	50
pool-Adm	48	51	51	49	51	49	50	51	50	49
pool-noAdm	47	50	50	48	50	49	50	50	51	50
fis-Adm	NA	NA	NA	NA	NA	NA	NA	NA	NA	NA
fis-noAdm	NA	NA	NA	NA	NA	NA	NA	NA	NA	NA
noStruct-Adm	NA	NA	NA	NA	NA	NA	NA	NA	NA	NA
noStruct-noAdm	NA	NA	NA	NA	NA	NA	NA	NA	NA	NA

TDIVCONT
V1	V2	V3	V4	V5	V6	V7	V8	V9	V10
Obs	1000	1000	1000	1000	1000	1000	1000	1000	1000	1000
pool-Adm	805	871	669	679	897	1414	861	1065	826	1314
pool-noAdm	496	474	474	490	466	477	461	505	800	776
fis-Adm	1180	1222	709	1321	1109	842	1189	1416	895	1214
fis-noAdm	478	578	498	433	922	483	461	503	469	803
noStruct-Adm	833	675	1306	1237	699	999	625	738	618	646
noStruct-noAdm	582	599	763	1002	569	1046	727	568	993	597

TADM
V1	V2	V3	V4	V5	V6	V7	V8	V9	V10
Obs	200	200	200	200	200	200	200	200	200	200
pool-Adm	55	119	74	67	125	257	87	66	80	324
pool-noAdm	NA	NA	NA	NA	NA	NA	NA	NA	NA	NA
fis-Adm	260	59	32	258	138	59	148	60	14	247
fis-noAdm	NA	NA	NA	NA	NA	NA	NA	NA	NA	NA
noStruct-Adm	445	398	670	748	403	598	432	367	305	306
noStruct-noAdm	NA	NA	NA	NA	NA	NA	NA	NA	NA	NA

admPROP
V1	V2	V3	V4	V5	V6	V7	V8	V9	V10
Obs	0.15	0.15	0.15	0.15	0.15	0.15	0.15	0.15	0.15	0.15
pool-Adm	0.1141926	0.093248	0.0832911	0.0843597	0.1122806	0.2051705	0.0950615	0.1202853	0.0988485	0.1968521
pool-noAdm	NA	NA	NA	NA	NA	NA	NA	NA	NA	NA
fis-Adm	0.2132523	0.1279	0.0861843	0.1994154	0.1528423	0.1053378	0.1542836	0.1553226	0.0969324	0.1701168
fis-noAdm	NA	NA	NA	NA	NA	NA	NA	NA	NA	NA
noStruct-Adm	0.2472862	0.2000222	0.3019219	0.3127664	0.1476167	0.3234214	0.2061915	0.1117427	0.1382635	0.0853731
noStruct-noAdm	NA	NA	NA	NA	NA	NA	NA	NA	NA	NA

FIS
V1	V2	V3	V4	V5	V6	V7	V8	V9	V10
pool-Adm	NA	NA	NA	NA	NA	NA	NA	NA	NA	NA
pool-noAdm	NA	NA	NA	NA	NA	NA	NA	NA	NA	NA
fis-Adm	0.3733449	0.3965566	0.4009816	0.3882251	0.3925679	0.3851291	0.392084	0.3933233	0.3941383	0.3808485
fis-noAdm	0.374409	0.388903	0.3920675	0.3842611	0.4002211	0.3826616	0.3895573	0.3799275	0.3930245	0.383034
noStruct-Adm	NA	NA	NA	NA	NA	NA	NA	NA	NA	NA
noStruct-noAdm	NA	NA	NA	NA	NA	NA	NA	NA	NA	NA
