PARAMETERS

NancPOP
V1	V2	V3	V4	V5	V6	V7	V8	V9	V10
Obs	20000	20000	20000	20000	20000	20000	20000	20000	20000	20000
pool-Adm	20007	20171	20131	20126	19763	19945	20028	20078	20088	19910
pool-noAdm	19657	19901	19708	20182	19709	20104	19464	20005	20382	19775
fis-Adm	19714	20043	20128	20404	20078	20026	20196	20028	19776	19899
fis-noAdm	19697	19833	20114	20305	19966	20081	19911	20298	19950	20009
noStruct-Adm	20140	20304	20344	20416	20219	20352	20483	20377	20080	20234
noStruct-noAdm	20429	20284	20499	20358	19973	20563	20242	20914	20356	19975

NCONT1
V1	V2	V3	V4	V5	V6	V7	V8	V9	V10
Obs	2000	2000	2000	2000	2000	2000	2000	2000	2000	2000
pool-Adm	1991	1767	2379	2151	2333	1966	2158	2337	1993	2066
pool-noAdm	2434	2304	2463	1906	2460	1747	3228	2071	1613	1950
fis-Adm	1967	1854	1835	1639	1712	1951	1749	2100	2076	1732
fis-noAdm	1972	1922	1721	1610	1740	1807	2009	1636	1701	1697
noStruct-Adm	1535	1506	1465	1401	1450	1414	1270	1695	1754	1511
noStruct-noAdm	1504	1507	1458	1429	1553	1350	1508	1207	1449	1466

NCONT2
V1	V2	V3	V4	V5	V6	V7	V8	V9	V10
Obs	2000	2000	2000	2000	2000	2000	2000	2000	2000	2000
pool-Adm	2029	1773	2442	2194	2402	1973	2153	2426	1985	2173
pool-noAdm	2441	2308	2479	1891	2558	1762	3240	2103	1599	1947
fis-Adm	1984	1843	1833	1647	1736	2006	1753	2261	2098	1771
fis-noAdm	1994	1915	1710	1610	1779	1826	1994	1655	1694	1700
noStruct-Adm	1575	1476	1447	1388	1478	1403	1257	1780	1771	1541
noStruct-noAdm	1537	1497	1456	1432	1603	1344	1512	1228	1450	1459

TDIVpop
V1	V2	V3	V4	V5	V6	V7	V8	V9	V10
Obs	10	10	10	10	10	10	10	10	10	10
pool-Adm	10	7	14	13	14	9	11	14	11	10
pool-noAdm	15	12	15	10	16	7	23	11	4	9
fis-Adm	NA	NA	NA	NA	NA	NA	NA	NA	NA	NA
fis-noAdm	NA	NA	NA	NA	NA	NA	NA	NA	NA	NA
noStruct-Adm	NA	NA	NA	NA	NA	NA	NA	NA	NA	NA
noStruct-noAdm	NA	NA	NA	NA	NA	NA	NA	NA	NA	NA

TDIVCONT
V1	V2	V3	V4	V5	V6	V7	V8	V9	V10
Obs	1000	1000	1000	1000	1000	1000	1000	1000	1000	1000
pool-Adm	1001	898	1214	1073	1161	1000	1070	1199	991	1105
pool-noAdm	1163	1140	1194	956	1193	896	1427	1037	842	974
fis-Adm	1040	971	979	869	908	1051	924	1224	1110	929
fis-noAdm	1035	998	906	852	923	952	1044	878	892	899
noStruct-Adm	843	803	791	754	799	759	684	992	980	837
noStruct-noAdm	826	816	794	774	853	728	817	660	791	784

TADM
V1	V2	V3	V4	V5	V6	V7	V8	V9	V10
Obs	200	200	200	200	200	200	200	200	200	200
pool-Adm	329	739	827	702	555	255	1033	853	551	800
pool-noAdm	NA	NA	NA	NA	NA	NA	NA	NA	NA	NA
fis-Adm	360	841	565	748	833	673	867	851	631	426
fis-noAdm	NA	NA	NA	NA	NA	NA	NA	NA	NA	NA
noStruct-Adm	459	641	579	416	777	480	581	647	498	651
noStruct-noAdm	NA	NA	NA	NA	NA	NA	NA	NA	NA	NA

admPROP
V1	V2	V3	V4	V5	V6	V7	V8	V9	V10
Obs	0	0	0	0	0	0	0	0	0	0
pool-Adm	0.000595353	0.000551309	0.0565907	0.0191753	0.0141961	0.000907646	0.0274088	0.0566878	0.000257993	0.0652472
pool-noAdm	NA	NA	NA	NA	NA	NA	NA	NA	NA	NA
fis-Adm	0.000758997	0.0012026	0.0117221	0.0090046	0.0012776	0.0311728	0.0030663	0.1109209	0.0200571	0.0114026
fis-noAdm	NA	NA	NA	NA	NA	NA	NA	NA	NA	NA
noStruct-Adm	0.000523837	0.000371264	0.000855757	0.001503	0.028801	0.0014182	0.000576332	0.0561643	0.0137368	0.0224512
noStruct-noAdm	NA	NA	NA	NA	NA	NA	NA	NA	NA	NA

FIS
V1	V2	V3	V4	V5	V6	V7	V8	V9	V10
pool-Adm	NA	NA	NA	NA	NA	NA	NA	NA	NA	NA
pool-noAdm	NA	NA	NA	NA	NA	NA	NA	NA	NA	NA
fis-Adm	0.3158765	0.281268	0.3033442	0.2442831	0.2863712	0.357098	0.2757969	0.3698344	0.3515587	0.2995988
fis-noAdm	0.3358663	0.3290352	0.2750339	0.2342205	0.2790918	0.3003718	0.3529592	0.2599917	0.2718449	0.278803
noStruct-Adm	NA	NA	NA	NA	NA	NA	NA	NA	NA	NA
noStruct-noAdm	NA	NA	NA	NA	NA	NA	NA	NA	NA	NA
