PARAMETERS

NancPOP
V1	V2	V3	V4	V5	V6	V7	V8	V9	V10
Obs	20000	20000	20000	20000	20000	20000	20000	20000	20000	20000
pool-Adm	20207	19843	19983	20152	19917	19695	20116	19958	20035	20144
pool-noAdm	20689	19554	19704	20012	19856	19726	20008	20181	19985	20133
fis-Adm	20389	20074	20366	20485	20256	20501	20448	19964	20307	20447
fis-noAdm	20410	20222	19790	20357	20353	20299	20714	20150	20208	20598
noStruct-Adm	20459	20190	20226	20404	20492	20165	20255	20314	20483	20165
noStruct-noAdm	20530	20250	20247	20372	20433	20509	20804	20313	20298	20274

NCONT1
V1	V2	V3	V4	V5	V6	V7	V8	V9	V10
Obs	2000	2000	2000	2000	2000	2000	2000	2000	2000	2000
pool-Adm	2346	2297	1917	1870	2143	2566	2081	2425	2428	2038
pool-noAdm	1155	2571	2331	2044	2242	2421	2386	1766	2052	2014
fis-Adm	1274	1578	1297	1050	1330	1020	1092	1731	1207	1119
fis-noAdm	1067	1112	1844	1052	1179	1048	1045	1048	1169	1033
noStruct-Adm	1483	1068	1044	1027	1530	1011	1061	1027	1019	1024
noStruct-noAdm	1020	1075	1039	1025	1017	1018	1038	1026	1046	1017

NCONT2
V1	V2	V3	V4	V5	V6	V7	V8	V9	V10
Obs	2000	2000	2000	2000	2000	2000	2000	2000	2000	2000
pool-Adm	2588	2331	1938	1880	2167	2692	2043	2499	2584	2042
pool-noAdm	1168	2483	2321	2082	2288	2435	2345	1712	2022	2028
fis-Adm	1277	1592	1329	1057	1380	1022	1088	1806	1218	1126
fis-noAdm	1053	1093	1816	1076	1181	1062	1037	1029	1130	1043
noStruct-Adm	1619	1047	1062	1036	1720	1023	1036	1014	1011	1038
noStruct-noAdm	1027	1032	1047	1030	1019	1029	1012	1017	1024	1020

TDIVpop
V1	V2	V3	V4	V5	V6	V7	V8	V9	V10
Obs	50	50	50	50	50	50	50	50	50	50
pool-Adm	50	49	49	50	52	52	49	50	53	50
pool-noAdm	47	49	49	51	52	52	49	50	52	50
fis-Adm	NA	NA	NA	NA	NA	NA	NA	NA	NA	NA
fis-noAdm	NA	NA	NA	NA	NA	NA	NA	NA	NA	NA
noStruct-Adm	NA	NA	NA	NA	NA	NA	NA	NA	NA	NA
noStruct-noAdm	NA	NA	NA	NA	NA	NA	NA	NA	NA	NA

TDIVCONT
V1	V2	V3	V4	V5	V6	V7	V8	V9	V10
Obs	1000	1000	1000	1000	1000	1000	1000	1000	1000	1000
pool-Adm	1357	1196	979	947	1046	1328	1046	1304	1309	1024
pool-noAdm	608	1255	1168	1028	1098	1194	1213	869	1009	1008
fis-Adm	814	1001	824	649	836	629	680	1129	756	691
fis-noAdm	654	685	1144	661	719	645	654	635	708	639
noStruct-Adm	1194	714	720	702	1252	689	721	689	691	697
noStruct-noAdm	699	713	713	697	687	702	697	699	701	694

TADM
V1	V2	V3	V4	V5	V6	V7	V8	V9	V10
Obs	200	200	200	200	200	200	200	200	200	200
pool-Adm	904	165	385	587	762	557	366	1084	204	882
pool-noAdm	NA	NA	NA	NA	NA	NA	NA	NA	NA	NA
fis-Adm	235	795	519	378	537	363	251	825	385	361
fis-noAdm	NA	NA	NA	NA	NA	NA	NA	NA	NA	NA
noStruct-Adm	885	442	674	190	1043	492	635	429	616	647
noStruct-noAdm	NA	NA	NA	NA	NA	NA	NA	NA	NA	NA

admPROP
V1	V2	V3	V4	V5	V6	V7	V8	V9	V10
Obs	0	0	0	0	0	0	0	0	0	0
pool-Adm	0.1508813	0.0142921	0.000613768	0.000809413	0.0023163	0.0264921	0.000475776	0.1901906	0.0304601	0.0067167
pool-noAdm	NA	NA	NA	NA	NA	NA	NA	NA	NA	NA
fis-Adm	0.0079328	0.0463346	0.0045803	0.0010552	0.0025273	0.0017584	0.0020215	0.0811141	0.0023599	0.000563053
fis-noAdm	NA	NA	NA	NA	NA	NA	NA	NA	NA	NA
noStruct-Adm	0.2293424	0.000667263	0.000606187	0.00044082	0.4414427	0.0028743	0.001402	0.0011128	0.0033995	0.0048582
noStruct-noAdm	NA	NA	NA	NA	NA	NA	NA	NA	NA	NA

FIS
V1	V2	V3	V4	V5	V6	V7	V8	V9	V10
pool-Adm	NA	NA	NA	NA	NA	NA	NA	NA	NA	NA
pool-noAdm	NA	NA	NA	NA	NA	NA	NA	NA	NA	NA
fis-Adm	0.3486892	0.3807471	0.3580697	0.3802356	0.3656758	0.3655037	0.3711798	0.4112528	0.3742948	0.3735808
fis-noAdm	0.3457214	0.3544312	0.3926208	0.3599154	0.3598456	0.383853	0.3596547	0.3704945	0.3728268	0.3588021
noStruct-Adm	NA	NA	NA	NA	NA	NA	NA	NA	NA	NA
noStruct-noAdm	NA	NA	NA	NA	NA	NA	NA	NA	NA	NA
