PARAMETERS

NancPOP
V1	V2	V3	V4	V5	V6	V7	V8	V9	V10
Obs	20000	20000	20000	20000	20000	20000	20000	20000	20000	20000
pool-Adm	19748	20189	20007	19953	19829	20053	19876	19943	20198	19744
pool-noAdm	19640	20019	20125	19830	19866	20119	19876	20065	20150	19657
fis-Adm	20108	19940	20125	19737	20061	19990	19889	20168	20103	19834
fis-noAdm	20215	20212	19705	20098	19810	19963	19837	19985	19986	19706
noStruct-Adm	20091	20431	19988	19893	20081	20397	20101	20518	20345	19867
noStruct-noAdm	19963	19929	19921	19570	20116	19748	20077	19837	19942	19824

NCONT1
V1	V2	V3	V4	V5	V6	V7	V8	V9	V10
Obs	2000	2000	2000	2000	2000	2000	2000	2000	2000	2000
pool-Adm	2667	2008	2206	2551	2118	2046	2325	2802	2630	1996
pool-noAdm	2682	1915	1580	2211	1974	1440	2239	2064	1948	2333
fis-Adm	1862	1797	1619	2123	2440	1814	2228	1753	2285	1942
fis-noAdm	1629	1680	2181	1572	2170	1897	2215	2056	2175	2199
noStruct-Adm	1787	1195	1800	2161	1662	1171	1895	1376	1821	2097
noStruct-noAdm	2069	1893	1883	2188	1703	2020	1756	2114	2064	1771

NCONT2
V1	V2	V3	V4	V5	V6	V7	V8	V9	V10
Obs	2000	2000	2000	2000	2000	2000	2000	2000	2000	2000
pool-Adm	2831	2028	2405	2647	2152	2029	2364	3167	2838	2016
pool-noAdm	2754	1889	1621	2165	1928	1434	2254	2060	1920	2328
fis-Adm	1900	1781	1650	2107	2735	1808	2361	1776	2467	1940
fis-noAdm	1666	1662	2217	1550	2135	1890	2250	2081	2150	2183
noStruct-Adm	1835	1177	1844	2226	1649	1171	1942	1392	1853	2222
noStruct-noAdm	2093	1872	1904	2160	1675	2017	1777	2134	2033	1753

TDIVpop
V1	V2	V3	V4	V5	V6	V7	V8	V9	V10
Obs	10	10	10	10	10	10	10	10	10	10
pool-Adm	19	9	9	16	10	15	16	22	16	6
pool-noAdm	18	7	1	10	7	1	15	16	11	13
fis-Adm	NA	NA	NA	NA	NA	NA	NA	NA	NA	NA
fis-noAdm	NA	NA	NA	NA	NA	NA	NA	NA	NA	NA
noStruct-Adm	NA	NA	NA	NA	NA	NA	NA	NA	NA	NA
noStruct-noAdm	NA	NA	NA	NA	NA	NA	NA	NA	NA	NA

TDIVCONT
V1	V2	V3	V4	V5	V6	V7	V8	V9	V10
Obs	1000	1000	1000	1000	1000	1000	1000	1000	1000	1000
pool-Adm	1330	1063	1242	1326	1080	977	1133	1510	1462	1033
pool-noAdm	1283	973	857	1086	995	766	1094	978	966	1138
fis-Adm	989	938	858	1088	1501	937	1218	919	1303	992
fis-noAdm	872	895	1111	826	1109	971	1137	1067	1105	1131
noStruct-Adm	988	641	989	1263	883	622	1053	742	1032	1248
noStruct-noAdm	1134	1025	1024	1175	906	1087	954	1147	1109	951

TADM
V1	V2	V3	V4	V5	V6	V7	V8	V9	V10
Obs	200	200	200	200	200	200	200	200	200	200
pool-Adm	372	756	929	1007	466	426	535	836	1056	400
pool-noAdm	NA	NA	NA	NA	NA	NA	NA	NA	NA	NA
fis-Adm	311	282	207	886	855	554	582	470	789	889
fis-noAdm	NA	NA	NA	NA	NA	NA	NA	NA	NA	NA
noStruct-Adm	286	632	742	890	736	248	531	222	836	876
noStruct-noAdm	NA	NA	NA	NA	NA	NA	NA	NA	NA	NA

admPROP
V1	V2	V3	V4	V5	V6	V7	V8	V9	V10
Obs	0	0	0	0	0	0	0	0	0	0
pool-Adm	0.0236494	0.0539637	0.1446124	0.1391835	0.0136482	0.000965426	0.0077681	0.1202802	0.2071128	0.000595205
pool-noAdm	NA	NA	NA	NA	NA	NA	NA	NA	NA	NA
fis-Adm	0.0029935	0.0003811	0.0015494	0.0004101	0.1520154	0.0016008	0.0329337	0.0026182	0.1011316	0.000696963
fis-noAdm	NA	NA	NA	NA	NA	NA	NA	NA	NA	NA
noStruct-Adm	0.0016754	0.000558445	0.0190802	0.0953964	0.0031249	0.000520911	0.0122862	0.000258365	0.0991548	0.0991477
noStruct-noAdm	NA	NA	NA	NA	NA	NA	NA	NA	NA	NA

FIS
V1	V2	V3	V4	V5	V6	V7	V8	V9	V10
pool-Adm	NA	NA	NA	NA	NA	NA	NA	NA	NA	NA
pool-noAdm	NA	NA	NA	NA	NA	NA	NA	NA	NA	NA
fis-Adm	0.1372046	0.1160022	0.0632639	0.1533404	0.1928747	0.1137789	0.1837745	0.1202311	0.230664	0.1460654
fis-noAdm	0.0765453	0.0599776	0.20594	0.0334021	0.1592611	0.1686683	0.2089851	0.1633439	0.2081987	0.1819626
noStruct-Adm	NA	NA	NA	NA	NA	NA	NA	NA	NA	NA
noStruct-noAdm	NA	NA	NA	NA	NA	NA	NA	NA	NA	NA
