PARAMETERS

NancPOP
V1	V2	V3	V4	V5	V6	V7	V8	V9	V10
Obs	20000	20000	20000	20000	20000	20000	20000	20000	20000	20000
pool-Adm	20094	19894	20033	19813	19918	20021	20060	19971	20065	20070
pool-noAdm	20113	19619	20044	19502	19822	19929	20191	19601	20168	19788
fis-Adm	20256	19625	19986	20202	20093	19869	20044	19777	20111	20214
fis-noAdm	19948	19947	19900	19738	20159	19835	19912	19468	19897	20082
noStruct-Adm	20434	20214	20289	19868	20191	20355	20642	19819	20442	19959
noStruct-noAdm	19787	20270	20417	20069	20414	20397	19771	20190	20487	20372

NCONT1
V1	V2	V3	V4	V5	V6	V7	V8	V9	V10
Obs	2000	2000	2000	2000	2000	2000	2000	2000	2000	2000
pool-Adm	1845	1970	2186	2180	1938	1908	2321	2892	1968	1694
pool-noAdm	1901	2309	2221	2698	2096	1952	1863	2388	1891	2229
fis-Adm	1895	2423	2769	3374	1814	2263	2068	3173	2529	1773
fis-noAdm	2204	2014	2614	2418	1905	2206	2354	2849	2475	1927
noStruct-Adm	1085	1085	1376	1666	1462	1081	1112	2217	1124	1379
noStruct-noAdm	1996	1019	1232	1124	1075	1067	1914	1096	1042	1115

NCONT2
V1	V2	V3	V4	V5	V6	V7	V8	V9	V10
Obs	2000	2000	2000	2000	2000	2000	2000	2000	2000	2000
pool-Adm	1810	1985	2138	2166	1954	1954	2431	3714	1982	1729
pool-noAdm	1829	2291	2188	2682	2123	1973	1861	2349	1902	2245
fis-Adm	1845	2443	2876	3904	1848	2369	2070	3892	2692	1821
fis-noAdm	2125	2000	2595	2405	1928	2248	2364	2876	2521	1982
noStruct-Adm	1082	1070	1361	1696	1468	1098	1105	2468	1122	1416
noStruct-noAdm	1927	1038	1206	1118	1059	1083	1939	1111	1042	1138

TDIVpop
V1	V2	V3	V4	V5	V6	V7	V8	V9	V10
Obs	50	50	50	50	50	50	50	50	50	50
pool-Adm	52	51	51	49	50	49	49	50	51	47
pool-noAdm	51	52	51	51	51	49	49	51	50	49
fis-Adm	NA	NA	NA	NA	NA	NA	NA	NA	NA	NA
fis-noAdm	NA	NA	NA	NA	NA	NA	NA	NA	NA	NA
noStruct-Adm	NA	NA	NA	NA	NA	NA	NA	NA	NA	NA
noStruct-noAdm	NA	NA	NA	NA	NA	NA	NA	NA	NA	NA

TDIVCONT
V1	V2	V3	V4	V5	V6	V7	V8	V9	V10
Obs	1000	1000	1000	1000	1000	1000	1000	1000	1000	1000
pool-Adm	900	988	1079	1086	970	991	1246	2101	995	871
pool-noAdm	919	1142	1104	1323	1040	992	936	1169	964	1126
fis-Adm	874	1165	1430	2184	861	1153	992	2112	1331	870
fis-noAdm	1010	953	1243	1145	906	1079	1131	1370	1206	946
noStruct-Adm	684	695	869	1087	941	703	709	1699	721	891
noStruct-noAdm	1225	649	775	702	677	685	1249	696	667	709

TADM
V1	V2	V3	V4	V5	V6	V7	V8	V9	V10
Obs	200	200	200	200	200	200	200	200	200	200
pool-Adm	658	829	892	799	130	180	869	1020	599	474
pool-noAdm	NA	NA	NA	NA	NA	NA	NA	NA	NA	NA
fis-Adm	697	117	526	1601	666	78	718	1022	609	516
fis-noAdm	NA	NA	NA	NA	NA	NA	NA	NA	NA	NA
noStruct-Adm	586	207	638	873	463	260	497	1137	223	546
noStruct-noAdm	NA	NA	NA	NA	NA	NA	NA	NA	NA	NA

admPROP
V1	V2	V3	V4	V5	V6	V7	V8	V9	V10
Obs	0	0	0	0	0	0	0	0	0	0
pool-Adm	0.000993073	0.0010948	0.0021326	0.0016673	0.000933131	0.008119	0.0761578	0.2521999	0.000767444	0.000193928
pool-noAdm	NA	NA	NA	NA	NA	NA	NA	NA	NA	NA
fis-Adm	0.0014845	0.001745	0.0406207	0.5207	0.000280853	0.0145786	0.0032121	0.2133138	0.0505717	0.000283924
fis-noAdm	NA	NA	NA	NA	NA	NA	NA	NA	NA	NA
noStruct-Adm	0.0017849	0.000584332	0.0014282	0.0015432	0.0019893	0.001259	0.0019283	0.1842545	0.0025239	0.000896857
noStruct-noAdm	NA	NA	NA	NA	NA	NA	NA	NA	NA	NA

FIS
V1	V2	V3	V4	V5	V6	V7	V8	V9	V10
pool-Adm	NA	NA	NA	NA	NA	NA	NA	NA	NA	NA
pool-noAdm	NA	NA	NA	NA	NA	NA	NA	NA	NA	NA
fis-Adm	0.3949988	0.3932577	0.3994973	0.398864	0.3933369	0.38586	0.384468	0.3989954	0.4020065	0.3757654
fis-noAdm	0.3996819	0.3934892	0.4010941	0.3912108	0.3887795	0.3821984	0.390448	0.3900913	0.3980932	0.3753544
noStruct-Adm	NA	NA	NA	NA	NA	NA	NA	NA	NA	NA
noStruct-noAdm	NA	NA	NA	NA	NA	NA	NA	NA	NA	NA
