PARAMETERS

NancPOP
V1	V2	V3	V4	V5	V6	V7	V8	V9	V10
Obs	20000	20000	20000	20000	20000	20000	20000	20000	20000	20000
pool-Adm	19791	20118	19929	19764	20013	19932	19971	19866	19801	19689
pool-noAdm	19786	19852	19929	19887	20044	19782	20089	19855	19714	19832
fis-Adm	20147	20273	20320	20527	20541	19865	19909	19888	19667	20691
fis-noAdm	20192	20081	20712	20121	20700	19707	20389	20069	19548	19980
noStruct-Adm	19721	20322	20305	20303	19870	20068	19870	20434	20052	19867
noStruct-noAdm	20127	19994	20220	19999	20021	19590	20029	19843	20255	20133

NCONT1
V1	V2	V3	V4	V5	V6	V7	V8	V9	V10
Obs	2000	2000	2000	2000	2000	2000	2000	2000	2000	2000
pool-Adm	2406	2398	2435	2464	2204	1942	2345	2823	2361	2350
pool-noAdm	2365	2446	2294	2187	2007	2275	1866	2016	2529	2059
fis-Adm	1178	1201	1453	1234	1313	1261	1560	1236	1366	1150
fis-noAdm	1104	1144	1107	1204	1061	1151	1129	1091	1459	1112
noStruct-Adm	1037	1064	1014	1035	1011	1043	1028	1162	1021	1052
noStruct-noAdm	1046	1015	1017	1060	1020	1077	1274	1026	1031	1029

NCONT2
V1	V2	V3	V4	V5	V6	V7	V8	V9	V10
Obs	2000	2000	2000	2000	2000	2000	2000	2000	2000	2000
pool-Adm	2364	2627	2531	2456	2264	1931	2415	3208	2445	2343
pool-noAdm	2304	2484	2258	2146	2009	2260	1904	1995	2623	2042
fis-Adm	1119	1214	1424	1348	1306	1269	1587	1253	1384	1188
fis-noAdm	1119	1141	1095	1184	1084	1170	1161	1088	1526	1130
noStruct-Adm	1016	1087	1021	1029	1011	1029	1018	1180	1022	1048
noStruct-noAdm	1018	1017	1021	1017	1027	1101	1271	1019	1050	1017

TDIVpop
V1	V2	V3	V4	V5	V6	V7	V8	V9	V10
Obs	100	100	100	100	100	100	100	100	100	100
pool-Adm	99	102	99	101	101	100	99	99	100	98
pool-noAdm	98	102	99	103	98	101	100	101	101	100
fis-Adm	NA	NA	NA	NA	NA	NA	NA	NA	NA	NA
fis-noAdm	NA	NA	NA	NA	NA	NA	NA	NA	NA	NA
noStruct-Adm	NA	NA	NA	NA	NA	NA	NA	NA	NA	NA
noStruct-noAdm	NA	NA	NA	NA	NA	NA	NA	NA	NA	NA

TDIVCONT
V1	V2	V3	V4	V5	V6	V7	V8	V9	V10
Obs	1000	1000	1000	1000	1000	1000	1000	1000	1000	1000
pool-Adm	1199	1318	1288	1213	1106	966	1201	1710	1191	1191
pool-noAdm	1179	1190	1143	1057	1006	1114	947	1003	1254	1008
fis-Adm	835	870	1040	996	932	915	1150	905	989	877
fis-noAdm	796	802	803	859	761	814	813	799	1072	786
noStruct-Adm	863	930	865	884	855	875	866	1012	857	896
noStruct-noAdm	874	841	869	868	869	899	1070	856	892	863

TADM
V1	V2	V3	V4	V5	V6	V7	V8	V9	V10
Obs	200	200	200	200	200	200	200	200	200	200
pool-Adm	870	928	286	693	779	644	706	854	654	590
pool-noAdm	NA	NA	NA	NA	NA	NA	NA	NA	NA	NA
fis-Adm	544	290	508	758	598	513	654	426	561	595
fis-noAdm	NA	NA	NA	NA	NA	NA	NA	NA	NA	NA
noStruct-Adm	409	788	522	784	401	243	343	621	629	224
noStruct-noAdm	NA	NA	NA	NA	NA	NA	NA	NA	NA	NA

admPROP
V1	V2	V3	V4	V5	V6	V7	V8	V9	V10
Obs	0	0	0	0	0	0	0	0	0	0
pool-Adm	0.0027218	0.1305873	0.0262393	0.0039619	0.036181	0.000846292	0.0126685	0.133175	0.0085623	0.0188796
pool-noAdm	NA	NA	NA	NA	NA	NA	NA	NA	NA	NA
fis-Adm	0.0045734	0.0017006	0.0011097	0.1588203	0.0019334	0.000779493	0.000822334	0.0025537	0.001686	0.0306005
fis-noAdm	NA	NA	NA	NA	NA	NA	NA	NA	NA	NA
noStruct-Adm	0.000919925	0.0505802	0.000737197	0.0023501	0.0018337	0.0021038	0.000476675	0.0136127	0.0009809	0.000241318
noStruct-noAdm	NA	NA	NA	NA	NA	NA	NA	NA	NA	NA

FIS
V1	V2	V3	V4	V5	V6	V7	V8	V9	V10
pool-Adm	NA	NA	NA	NA	NA	NA	NA	NA	NA	NA
pool-noAdm	NA	NA	NA	NA	NA	NA	NA	NA	NA	NA
fis-Adm	0.6194197	0.6149436	0.6150289	0.6258058	0.606568	0.6021089	0.6221774	0.6062365	0.6054142	0.6116137
fis-noAdm	0.617895	0.6062247	0.6216209	0.617821	0.6199754	0.5963466	0.6085344	0.6093205	0.6225188	0.6127536
noStruct-Adm	NA	NA	NA	NA	NA	NA	NA	NA	NA	NA
noStruct-noAdm	NA	NA	NA	NA	NA	NA	NA	NA	NA	NA
