PARAMETERS

NancPOP
V1	V2	V3	V4	V5	V6	V7	V8	V9	V10
Obs	20000	20000	20000	20000	20000	20000	20000	20000	20000	20000
pool-noAdm	19979	19914	19818	20010	19742	20245	19974	19711	20084	19650
fis-noAdm	20039	19521	19776	19997	19820	20049	19844	19790	19886	19638
noStruct-noAdm	19976	20453	20368	20418	20224	20138	20191	20327	19874	20347

NCONT1
V1	V2	V3	V4	V5	V6	V7	V8	V9	V10
Obs	2000	2000	2000	2000	2000	2000	2000	2000	2000	2000
pool-noAdm	2129	2158	2224	2274	2216	1896	1970	2438	2072	2219
fis-noAdm	2291	2601	2506	2212	2180	2235	2307	2450	2505	2455
noStruct-noAdm	1990	1487	1522	1567	1471	1725	1504	1569	2092	1511

NCONT2
V1	V2	V3	V4	V5	V6	V7	V8	V9	V10
Obs	2000	2000	2000	2000	2000	2000	2000	2000	2000	2000
pool-noAdm	2136	2152	2212	2280	2223	1906	1952	2460	2041	2217
fis-noAdm	2329	2598	2496	2214	2183	2263	2312	2434	2444	2472
noStruct-noAdm	2029	1471	1557	1590	1495	1735	1497	1586	2021	1519

TDIVpop
V1	V2	V3	V4	V5	V6	V7	V8	V9	V10
Obs	50	50	50	50	50	50	50	50	50	50
pool-noAdm	51	53	53	51	51	51	50	53	47	49
fis-noAdm	NA	NA	NA	NA	NA	NA	NA	NA	NA	NA
noStruct-noAdm	NA	NA	NA	NA	NA	NA	NA	NA	NA	NA

TDIVCONT
V1	V2	V3	V4	V5	V6	V7	V8	V9	V10
Obs	1000	1000	1000	1000	1000	1000	1000	1000	1000	1000
pool-noAdm	1067	1074	1097	1142	1090	951	975	1231	1035	1112
fis-noAdm	1104	1228	1190	1046	1027	1083	1092	1162	1189	1177
noStruct-noAdm	1069	775	809	821	775	921	791	829	1090	796

FIS
V1	V2	V3	V4	V5	V6	V7	V8	V9	V10
pool-noAdm	NA	NA	NA	NA	NA	NA	NA	NA	NA	NA
fis-noAdm	0.3789817	0.4128558	0.4023836	0.3894989	0.3604755	0.3709242	0.3850147	0.3825003	0.3712885	0.3708808
noStruct-noAdm	NA	NA	NA	NA	NA	NA	NA	NA	NA	NA
