PARAMETERS

NancPOP
V1	V2	V3	V4	V5	V6	V7	V8	V9	V10
Obs	20000	20000	20000	20000	20000	20000	20000	20000	20000	20000
pool-noAdm	19951	19685	19713	19657	20107	20212	19861	20146	19697	20020
fis-noAdm	20862	20373	20509	20386	20229	20956	20533	20454	20357	20863
noStruct-noAdm	20293	20577	20398	20769	21060	20499	20747	20823	20862	20791

NCONT1
V1	V2	V3	V4	V5	V6	V7	V8	V9	V10
Obs	2000	2000	2000	2000	2000	2000	2000	2000	2000	2000
pool-noAdm	2164	2327	2158	2160	1906	2246	2126	1721	2352	2256
fis-noAdm	1047	1376	1345	1115	1346	1063	1411	1428	1332	1104
noStruct-noAdm	1264	1046	1308	1081	1046	1224	1054	1041	1046	1027

NCONT2
V1	V2	V3	V4	V5	V6	V7	V8	V9	V10
Obs	2000	2000	2000	2000	2000	2000	2000	2000	2000	2000
pool-noAdm	2127	2337	2153	2085	1905	2305	2141	1704	2311	2261
fis-noAdm	1028	1387	1317	1076	1306	1096	1406	1431	1328	1105
noStruct-noAdm	1252	1047	1313	1057	1024	1275	1037	1028	1018	1027

TDIVpop
V1	V2	V3	V4	V5	V6	V7	V8	V9	V10
Obs	50	50	50	50	50	50	50	50	50	50
pool-noAdm	50	53	49	48	44	50	51	46	53	52
fis-noAdm	NA	NA	NA	NA	NA	NA	NA	NA	NA	NA
noStruct-noAdm	NA	NA	NA	NA	NA	NA	NA	NA	NA	NA

TDIVCONT
V1	V2	V3	V4	V5	V6	V7	V8	V9	V10
Obs	1000	1000	1000	1000	1000	1000	1000	1000	1000	1000
pool-noAdm	1082	1163	1085	1052	972	1142	1070	859	1164	1120
fis-noAdm	571	750	738	592	727	592	773	780	738	606
noStruct-noAdm	703	578	741	592	577	705	576	571	584	571

FIS
V1	V2	V3	V4	V5	V6	V7	V8	V9	V10
pool-noAdm	NA	NA	NA	NA	NA	NA	NA	NA	NA	NA
fis-noAdm	0.2825057	0.4502276	0.4178569	0.3417739	0.4665904	0.3850922	0.475202	0.4971094	0.4107103	0.3784648
noStruct-noAdm	NA	NA	NA	NA	NA	NA	NA	NA	NA	NA
