DELTA LHOOD

Def 1
V1	V2	V3	V4	V5	V6	V7	V8	V9	V10
pool-Adm	1.18299999998999	2.33699999999953	1.09400000001187	2.32600000000093	1.17699999999604	1.54300000000512	3.36699999999837	3.24499999999534	1.07300000000396	0.549999999988358
onepop-Adm	69.179999999993	70.2239999999874	61.5	71.314000000013	63.0240000000049	73.301999999996	79.9729999999981	56.1080000000075	57.9899999999907	81.6289999999863
fis-Adm	1.48399999999674	3.01399999999558	1.96300000001793	0.980000000010477	0.98499999998603	0.317000000010012	1.73200000001816	2.35999999998603	1.29199999998673	0.718999999982771
noStruct-Adm	86.6289999999863	86.8889999999956	79.4710000000196	87.2260000000242	81.823000000004	88.747000000003	94.5329999999958	73.9260000000068	88.2490000000107	99.6089999999967

Def 5
V1	V2	V3	V4	V5	V6	V7	V8	V9	V10
pool-Adm	2.22599999999511	2.57699999999022	13.9400000000023	2.28999999997905	2.36800000001676	7.55600000001141	3.44499999997788	8.20199999999022	7.33699999999953	4.43499999999767
onepop-Adm	1.39100000000326	2.98399999999674	2.40700000000652	1.94099999999162	1.42399999999907	2.67600000000675	1.68499999999767	4.10599999999977	4.00999999998021	1.46899999998277
fis-Adm	1.20900000000256	1.99599999998463	2.65400000000955	1.26199999998789	1.35300000000279	2.82200000001467	2.71399999997811	7.58799999998882	4.28999999997905	3.80799999998999
noStruct-Adm	2.48699999999371	2.97299999999814	4.64600000000792	2.88199999998324	3.74700000000303	5.64300000001094	5.5460000000021	8.29899999999907	6.39199999999255	7.43299999998999
