PARAMETERS

NancPOP
V1	V2	V3	V4	V5	V6	V7	V8	V9	V10
Obs	20000	20000	20000	20000	20000	20000	20000	20000	20000	20000
pool-Adm	20193	19630	20162	20298	20180	20348	19781	20319	19881	19759
onepop-Adm	19755	19445	19979	19741	19805	19687	19620	20375	19876	19850
fis-Adm	20382	19798	20014	20256	20179	20508	20133	20373	20333	20362
noStruct-Adm	20323	20229	20202	20331	20672	20584	20230	20568	20332	20488

NCONT1
V1	V2	V3	V4	V5	V6	V7	V8	V9	V10
Obs	2000	2000	2000	2000	2000	2000	2000	2000	2000	2000
pool-Adm	1183	1430	1296	1092	1443	1182	1707	1034	1343	1757
onepop-Adm	11565	9694	19729	47835	6300	13944	24837	4913	43853	39510
fis-Adm	1013	1025	1017	1017	1011	1016	1082	1019	1012	1017
noStruct-Adm	1013	1012	1017	1011	1023	1021	1011	1012	1011	1012

NCONT2
V1	V2	V3	V4	V5	V6	V7	V8	V9	V10
Obs	2000	2000	2000	2000	2000	2000	2000	2000	2000	2000
pool-Adm	1674	2173	2025	1392	2112	1639	2568	1286	1970	2780
onepop-Adm	11074	10304	23279	35057	8140	13367	28871	7695	33142	29185
fis-Adm	1022	1013	1010	1014	1015	1017	1104	1037	1027	1015
noStruct-Adm	1014	1020	1011	1021	1030	1015	1016	1022	1011	1012

TDIVpop
V1	V2	V3	V4	V5	V6	V7	V8	V9	V10
Obs	50	50	50	50	50	50	50	50	50	50
pool-Adm	42	46	47	36	45	42	46	35	46	48
onepop-Adm	86	82	92	94	79	86	91	67	94	93
fis-Adm	NA	NA	NA	NA	NA	NA	NA	NA	NA	NA
noStruct-Adm	NA	NA	NA	NA	NA	NA	NA	NA	NA	NA

TDIVCONT
V1	V2	V3	V4	V5	V6	V7	V8	V9	V10
Obs	1000	1000	1000	1000	1000	1000	1000	1000	1000	1000
pool-Adm	985	1131	1085	915	1191	951	1403	846	1093	1476
onepop-Adm	1319	1413	1187	1452	1641	1425	1596	3549	1288	1266
fis-Adm	1000	938	961	966	967	982	1055	1001	1006	972
noStruct-Adm	1043	1027	1023	1048	1058	1039	1021	1059	1044	1055

TADM
V1	V2	V3	V4	V5	V6	V7	V8	V9	V10
Obs	200	200	200	200	200	200	200	200	200	200
pool-Adm	156	115	165	238	431	74	214	127	85	226
onepop-Adm	1095	537	985	1039	866	1122	1023	1461	489	541
fis-Adm	705	196	438	432	635	732	620	611	689	461
noStruct-Adm	720	725	459	677	773	714	693	708	680	615

admPROP
V1	V2	V3	V4	V5	V6	V7	V8	V9	V10
Obs	0	0	0	0	0	0	0	0	0	0
pool-Adm	0.0165538	0.0153575	0.0245588	0.016152	0.0353646	0.0096931	0.0230452	0.0078116	0.0120111	0.034432
onepop-Adm	0.0021456	0.00383	0.0349955	0.2748725	0.2268852	0.0020243	0.000439889	0.5582124	0.0016531	0.0376445
fis-Adm	0.110075	0.0081668	0.0231816	0.0277862	0.0592034	0.1176092	0.0559773	0.0780217	0.1051615	0.0402251
noStruct-Adm	0.1145968	0.1150065	0.0405779	0.1165538	0.1439186	0.1162859	0.0980746	0.1392938	0.1028075	0.0877359

FIS
V1	V2	V3	V4	V5	V6	V7	V8	V9	V10
pool-Adm	NA	NA	NA	NA	NA	NA	NA	NA	NA	NA
onepop-Adm	NA	NA	NA	NA	NA	NA	NA	NA	NA	NA
fis-Adm	0.3696821	0.32948	0.3828853	0.3618953	0.3773874	0.3755777	0.3738875	0.3758581	0.3802401	0.3909109
noStruct-Adm	NA	NA	NA	NA	NA	NA	NA	NA	NA	NA
