PARAMETERS

NancPOP
V1	V2	V3	V4	V5	V6	V7	V8	V9	V10
Obs	20000	20000	20000	20000	20000	20000	20000	20000	20000	20000
pool-Adm	19890	19953	20071	19874	20209	20095	19912	19975	20013	20014
onepop-Adm	19848	19556	19631	19496	19758	19828	20089	20121	19768	19751
fis-Adm	19987	19942	20081	19841	20062	19984	20109	19948	20033	19805
noStruct-Adm	20174	20206	20495	19931	20465	19872	20194	20652	20769	20230

NCONT1
V1	V2	V3	V4	V5	V6	V7	V8	V9	V10
Obs	2000	2000	2000	2000	2000	2000	2000	2000	2000	2000
pool-Adm	2606	2282	1878	3276	2013	1984	2753	2509	2263	2630
onepop-Adm	24449	41003	52327	77683	68365	57312	48318	39759	67600	40806
fis-Adm	2963	3561	2620	2440	2288	2238	2100	2395	2465	2736
noStruct-Adm	1657	1612	1511	1625	1583	1680	1612	1642	2319	1764

NCONT2
V1	V2	V3	V4	V5	V6	V7	V8	V9	V10
Obs	2000	2000	2000	2000	2000	2000	2000	2000	2000	2000
pool-Adm	2751	2226	1951	4201	1978	2208	3223	2714	2238	3200
onepop-Adm	4063	4203	9496	4668	4602	4643	4441	7171	4227	4517
fis-Adm	3059	4050	2760	2277	2024	2098	1973	2196	2253	2848
noStruct-Adm	1046	1013	1036	1043	1043	1067	1018	1138	1704	1187

TDIVpop
V1	V2	V3	V4	V5	V6	V7	V8	V9	V10
Obs	50	50	50	50	50	50	50	50	50	50
pool-Adm	51	50	50	51	51	54	52	49	48	53
onepop-Adm	64	65	73	68	69	67	68	69	67	67
fis-Adm	NA	NA	NA	NA	NA	NA	NA	NA	NA	NA
noStruct-Adm	NA	NA	NA	NA	NA	NA	NA	NA	NA	NA

TDIVCONT
V1	V2	V3	V4	V5	V6	V7	V8	V9	V10
Obs	1000	1000	1000	1000	1000	1000	1000	1000	1000	1000
pool-Adm	1356	1137	975	2335	1029	978	1572	1410	1141	1553
onepop-Adm	1433	1451	3494	1578	1567	1393	1346	2513	1372	1419
fis-Adm	1642	2450	1501	1199	1142	1064	1014	1196	1210	1462
noStruct-Adm	1025	1005	1056	1018	1052	1040	1029	1151	1811	1199

TADM
V1	V2	V3	V4	V5	V6	V7	V8	V9	V10
Obs	200	200	200	200	200	200	200	200	200	200
pool-Adm	786	474	644	1345	777	517	479	228	732	716
onepop-Adm	1098	819	373	1224	988	1182	877	875	915	936
fis-Adm	763	1300	553	938	117	608	466	175	956	776
noStruct-Adm	647	306	757	396	695	677	649	804	1224	947

admPROP
V1	V2	V3	V4	V5	V6	V7	V8	V9	V10
Obs	0	0	0	0	0	0	0	0	0	0
pool-Adm	0.0486337	0.0033809	0.02865	0.2935887	0.0199593	0.0024339	0.054618	0.0408979	0.0126258	0.1057721
onepop-Adm	0.1111427	0.000235205	0.3742063	0.0295498	0.1135969	0.0022196	0.0677316	0.3536604	0.0035634	0.0468176
fis-Adm	0.0911087	0.2681269	0.0843671	0.0238752	0.0094616	0.000883501	0.000505377	0.0181904	0.0454599	0.078088
noStruct-Adm	0.000440176	0.0012531	0.1037339	0.000759245	0.0326095	0.000867963	0.0088061	0.1237397	0.2024894	0.0923516

FIS
V1	V2	V3	V4	V5	V6	V7	V8	V9	V10
pool-Adm	NA	NA	NA	NA	NA	NA	NA	NA	NA	NA
onepop-Adm	NA	NA	NA	NA	NA	NA	NA	NA	NA	NA
fis-Adm	0.3717855	0.3733956	0.3687957	0.364423	0.3549882	0.3641031	0.3695368	0.3523529	0.3535596	0.3774097
noStruct-Adm	NA	NA	NA	NA	NA	NA	NA	NA	NA	NA
