PARAMETERS

NancPOP
V1	V2	V3	V4	V5	V6	V7	V8	V9	V10
Obs	20000	20000	20000	20000	20000	20000	20000	20000	20000	20000
pool-Adm	19756	20218	20776	20037	20003	19888	20221	19954	20009	20013
onepop-Adm	19587	19785	19778	19662	19566	19724	20129	19865	20068	19888
fis-Adm	19983	20159	20096	20026	20068	20032	20331	20128	20238	20084
noStruct-Adm	19821	20251	20100	19941	19992	20180	20398	20206	20200	20280

NCONT1
V1	V2	V3	V4	V5	V6	V7	V8	V9	V10
Obs	2000	2000	2000	2000	2000	2000	2000	2000	2000	2000
pool-Adm	1219	1139	2166	1174	1159	1463	1093	1119	1247	1115
onepop-Adm	3725	2668	9495	10146	11284	11722	2932	61101	4669	47315
fis-Adm	1027	1025	1066	1037	1019	1019	1011	1049	1012	1015
noStruct-Adm	1112	1048	1071	1063	1097	1056	1025	1094	1079	1032

NCONT2
V1	V2	V3	V4	V5	V6	V7	V8	V9	V10
Obs	2000	2000	2000	2000	2000	2000	2000	2000	2000	2000
pool-Adm	1329	1343	2976	1374	1321	1850	1377	1193	1468	1343
onepop-Adm	4073	3304	9828	11552	10264	11954	3117	21155	6475	33880
fis-Adm	1013	1038	1078	1052	1032	1052	1084	1020	1020	1086
noStruct-Adm	1015	1020	1014	1020	1011	1012	1012	1026	1017	1013

TDIVpop
V1	V2	V3	V4	V5	V6	V7	V8	V9	V10
Obs	50	50	50	50	50	50	50	50	50	50
pool-Adm	21	22	30	21	24	28	26	18	26	25
onepop-Adm	59	41	86	85	85	86	66	93	67	94
fis-Adm	NA	NA	NA	NA	NA	NA	NA	NA	NA	NA
noStruct-Adm	NA	NA	NA	NA	NA	NA	NA	NA	NA	NA

TDIVCONT
V1	V2	V3	V4	V5	V6	V7	V8	V9	V10
Obs	1000	1000	1000	1000	1000	1000	1000	1000	1000	1000
pool-Adm	1048	1055	2542	1093	1024	1347	1015	999	1075	1029
onepop-Adm	1733	2127	1286	1255	1404	1315	996	1043	2390	1050
fis-Adm	888	924	968	938	866	870	910	936	888	903
noStruct-Adm	1003	1015	1027	1010	1017	1015	1001	1056	991	1027

TADM
V1	V2	V3	V4	V5	V6	V7	V8	V9	V10
Obs	200	200	200	200	200	200	200	200	200	200
pool-Adm	679	94	1902	215	450	135	140	66	159	73
onepop-Adm	514	364	580	689	597	435	531	786	1319	179
fis-Adm	540	27	165	101	652	686	53	239	589	40
noStruct-Adm	494	304	558	342	830	396	317	756	200	349

admPROP
V1	V2	V3	V4	V5	V6	V7	V8	V9	V10
Obs	0	0	0	0	0	0	0	0	0	0
pool-Adm	0.00057792	0.0176481	0.6226709	0.0214555	0.0155314	0.0222428	0.023478	0.0089813	0.000560256	0.0177338
onepop-Adm	0.0704406	0.1003998	0.0538204	0.0024456	0.0102974	0.0010685	0.0142636	0.004777	0.4082302	0.0119011
fis-Adm	0.0023462	0.0077455	0.0093096	0.0067896	0.000347291	0.0010142	0.011467	0.0084417	0.000816862	0.0108476
noStruct-Adm	0.0017721	0.0219244	0.0254812	0.0167533	0.035913	0.0217433	0.0273295	0.0811188	0.000861811	0.0344661

FIS
V1	V2	V3	V4	V5	V6	V7	V8	V9	V10
pool-Adm	NA	NA	NA	NA	NA	NA	NA	NA	NA	NA
onepop-Adm	NA	NA	NA	NA	NA	NA	NA	NA	NA	NA
fis-Adm	0.1015153	0.094296	0.1037309	0.0844655	0.1366927	0.1407599	0.1275397	0.0811679	0.0945549	0.1496724
noStruct-Adm	NA	NA	NA	NA	NA	NA	NA	NA	NA	NA
