//Number of population samples (demes)
20
//Population effective sizes (number of genes)
43190 sfspool -1
3785 sfspool -1
72097 sfspool -1
80437 sfspool -1
103531 sfspool -1
2000 sfspool -1
2000 sfspool -1
1429 sfspool 0
1429 sfspool 0
1429 sfspool 0
1429 sfspool 0
1097 sfspool 1
1097 sfspool 1
1097 sfspool 1
1097 sfspool 1
1233 sfspool 2
1233 sfspool 2
1233 sfspool 2
1233 sfspool 2
22983 sfspool -1
//Sample sizes, ages and inbreeding
0 0 0
0 0 0
0 0 0
0 0 0
0 0 0
0 0 0
0 0 0
4 0 0
4 0 0
4 0 0
4 0 0
4 0 0
4 0 0
4 0 0
4 0 0
4 0 0
4 0 0
4 0 0
4 0 0
0 0 0
//Growth rates : negative growth implies population expansion
0
0
0
0
0
0
0
0
0
0
0
0
0
0
0
0
0
0
0
0
//Number of migration matrices : 0 implies no migration between demes
2
//migration matrix 0
0 0 0 0 0 0 0 0 0 0 0 0 0 0 0 0 0 0 0 0
0 0 0 0 0 0 0 0 0 0 0 0 0 0 0 0 0 0 0 0
0 0 0 0 0 0 0 0 0 0 0 0 0 0 0 0 0 0 0 0
0 0 0 0 0 0 0 0 0 0 0 0 0 0 0 0 0 0 0 0
0 0 0 0 0 0 0 0 0 0 0 0 0 0 0 0 0 0 0 0
0 0 0 0 0 0 0 0 0 0 0 0 0 0 0 0 0 0 0 0
0 0 0 0 0 0 0 0 0 0 0 0 0 0 0 0 0 0 0 0
0 0 4.304672296590090e-02 0 0 0 0 0 0 0 0 0 0 0 0 0 0 0 0 0
0 0 4.304672296590090e-02 0 0 0 0 0 0 0 0 0 0 0 0 0 0 0 0 0
0 0 4.304672296590090e-02 0 0 0 0 0 0 0 0 0 0 0 0 0 0 0 0 0
0 0 4.304672296590090e-02 0 0 0 0 0 0 0 0 0 0 0 0 0 0 0 0 0
0 0 0 4.372609639370883e-02 0 0 0 0 0 0 0 0 0 0 0 0 0 0 0 0
0 0 0 4.372609639370883e-02 0 0 0 0 0 0 0 0 0 0 0 0 0 0 0 0
0 0 0 4.372609639370883e-02 0 0 0 0 0 0 0 0 0 0 0 0 0 0 0 0
0 0 0 4.372609639370883e-02 0 0 0 0 0 0 0 0 0 0 0 0 0 0 0 0
0 0 0 0 6.513848682150621e-02 0 0 0 0 0 0 0 0 0 0 0 0 0 0 0
0 0 0 0 6.513848682150621e-02 0 0 0 0 0 0 0 0 0 0 0 0 0 0 0
0 0 0 0 6.513848682150621e-02 0 0 0 0 0 0 0 0 0 0 0 0 0 0 0
0 0 0 0 6.513848682150621e-02 0 0 0 0 0 0 0 0 0 0 0 0 0 0 0
0 0 0 0 0 0 0 0 0 0 0 0 0 0 0 0 0 0 0 0
//migration matrix 1
0 0 0 0 0 0 0 0 0 0 0 0 0 0 0 0 0 0 0 0
0 0 0 0 0 0 0 0 0 0 0 0 0 0 0 0 0 0 0 0
0 0 0 0 0 0 0 0 0 0 0 0 0 0 0 0 0 0 0 0
0 0 0 0 3.827836111997992e-06 0 0 0 0 0 0 0 0 0 0 0 0 0 0 0
0 0 0 3.560837242695644e-06 0 0 0 0 0 0 0 0 0 0 0 0 0 0 0 0
0 0 0 0 0 0 0 0 0 0 0 0 0 0 0 0 0 0 0 0
0 0 0 0 0 0 0 0 0 0 0 0 0 0 0 0 0 0 0 0
0 0 4.304672296590090e-02 0 0 0 0 0 0 0 0 0 0 0 0 0 0 0 0 0
0 0 4.304672296590090e-02 0 0 0 0 0 0 0 0 0 0 0 0 0 0 0 0 0
0 0 4.304672296590090e-02 0 0 0 0 0 0 0 0 0 0 0 0 0 0 0 0 0
0 0 4.304672296590090e-02 0 0 0 0 0 0 0 0 0 0 0 0 0 0 0 0 0
0 0 0 0 0 0 0 0 0 0 0 0 0 0 0 0 0 0 0 0
0 0 0 0 0 0 0 0 0 0 0 0 0 0 0 0 0 0 0 0
0 0 0 0 0 0 0 0 0 0 0 0 0 0 0 0 0 0 0 0
0 0 0 0 0 0 0 0 0 0 0 0 0 0 0 0 0 0 0 0
0 0 0 0 0 0 0 0 0 0 0 0 0 0 0 0 0 0 0 0
0 0 0 0 0 0 0 0 0 0 0 0 0 0 0 0 0 0 0 0
0 0 0 0 0 0 0 0 0 0 0 0 0 0 0 0 0 0 0 0
0 0 0 0 0 0 0 0 0 0 0 0 0 0 0 0 0 0 0 0
0 0 0 0 0 0 0 0 0 0 0 0 0 0 0 0 0 0 0 0
//historical event: time, source, sink, migrants, new size, growth rate, migr. matrix
31 historical event
1135 10 2 1 1 0 0 
1135 9 2 1 1 0 0 
1135 8 2 1 1 0 0 
1135 7 2 1 1 0 0 
1135 2 2 0 46836 0 0 absoluteResize
1135 2 19 8.334571857409426e-02 1 0 0 
748 14 3 1 1 0 0 
748 13 3 1 1 0 0 
748 12 3 1 1 0 0 
748 11 3 1 1 0 0 
748 3 3 0 16319 0 0 absoluteResize
813 18 4 1 1 0 0 
813 17 4 1 1 0 0 
813 16 4 1 1 0 0 
813 15 4 1 1 0 0 
813 4 4 0 8171 0 0 absoluteResize
813 0 0 0 1 0 1 nomig
205 2 3 4.635853089971813e-02 1 0 1 
2115 2 2 0 35566 0 0 absoluteResize keep
1145 4 5 0.002 1 0 1
1093 4 6 0.002 1 0 1 
1755 3 1 1 1 0 0
1755 4 1 1 1 0 0 
1783 1 5 0.024 1 0 0 
2338 1 1 0 5.614694886234649e-02 0 0 instbot
2339 2 0 1 1 0 0 
2339 1 0 1 1 0 0 
22038 19 0 1 1 0 0 
18474 0 0 0 1.887461875277910e-02 0 0 instbot
17080 6 5 1 1 0 0 
22655 5 0 1 1 0 0 
//Number of independent loci [chromosome] 
1410000 0
//Per chromosome: Number of contiguous linkage Block: a block is a set of contiguous loci
1
//per Block:data type, number of loci, per gen recomb and mut rates
DNA 100 0 6.13e-9 OUTEXP